# Number of parameters = 198 Objective function value = 20170.3082496564  Maximum gradient component = 0.000167632402932667
# ln_yr1N:
 10.3036561713198 9.63069558401053 8.96073277188365 6.00835516185285 5.75897991398597
 10.3590485208054 -61.4295122458713 9.88529366597437 7.84014966529623 8.58174839663925
 9.38915191746174 -28.4346535715236 7.18074301319386 6.73887763182347 -51.7090826796988
 11.7380394479203 -463.684575743613 10.2654946275333 7.50318176683393 2.13853225545172
# recruitment_alpha:
 0.00000000000000 0.00000000000000 0.00000000000000 0.00000000000000
# recruitment_shape:
 0.00000000000000 0.00000000000000 0.00000000000000 0.00000000000000
# recruitment_beta:
 0.00000000000000 0.00000000000000 0.00000000000000 0.00000000000000
# ln_avg_recruitment:
 6.57253397995354 9.99786425112057 7.32054189753122 9.97718941889615
# recruitment_devs:
 0.102244212791448 0.200253693836272 3.53551032106266 0.0823870876248617 3.01857421225047 0.315070351736433 0.159568405371424 4.38965533042688 0.0899899045533688 0.194032015238703 0.0804736153833660 -0.0860528934923368 -0.137488524224927 -0.178484188408993 -0.207017433424826 0.710412686991423 3.41892949805809 0.0922533392106088 0.281043528784397 0.223300205300103 0.0229403435726475 -0.186654343425531 -0.443592001403034 -0.532488287511880 -0.0901984609964119 1.38096956817419 -0.406707330576036 -1.05539996035595 -1.49229687091887 -1.70420317584822 -1.74526332455897 -1.69116308423078 -1.29692525719220 -0.572728302801133 -0.801099482307075 -1.17553452633234 -1.45688101686457 -1.71480935510963 -1.43675181399213 -0.447490192392615 0.561621479030186
 -0.611989697506768 -1.04853409192870 -1.27456688642387 -0.534957296406343 -0.633986218724847 -0.869162790810144 -0.510900123641444 0.989806861346367 0.473603884759522 -1.94539197436096 -2.66879382727864 -3.17342496379639 -3.59667037149710 -3.69716139591983 -2.83181023350467 3.49155061246284 2.76649505278072 0.204376707833658 -0.0126984822750840 3.75182320394935 0.0119065736944370 0.260684508184350 0.269757216932554 2.98045198184261 0.668338497976451 -0.224271873564897 0.100041654365313 3.56681012386852 0.132415988879618 0.736076696529493 4.22305032079239 0.0969877145314367 0.223024924551212 0.0798261736905586 -0.349980899263064 -0.818328465375025 -1.11981912532027 -1.26672243741418 -0.766224770929197 0.202747533388787 2.72561976127856
 -0.348189781768291 4.44058046943448 -0.109605090708540 -0.0249196142269433 2.65740474799588 0.199865389123417 -0.145586613155038 -0.351626058217263 -0.429647531347920 3.46203565438610 -0.219234818245175 0.107542731930716 3.42981952462879 -0.509296770978879 -0.979061131344456 -0.776482035112605 -0.260049702118922 1.62714996274196 -0.445222896594798 -1.17675293893366 -1.13531108165437 3.46063520351538 2.61716069728194 -0.478692488402085 -0.869065477351121 -1.22107895323334 -1.71002204746728 -2.06135408620632 -2.23313770830841 -2.18300247356359 -1.77905357703792 -0.938425486562605 3.74321637025043 -0.765456130809510 -0.875580008228090 -0.780756898548813 -0.826074807777383 -0.991387738811128 -0.910146595470064 -0.133473970868884 -0.0777163307454240
 0.0366386970983914 0.0904129491209382 0.122042427778687 0.169132681054406 0.250057415384609 0.353320795071384 0.455298005506067 0.504500954568505 0.463524956252241 0.374340425088187 0.295972756279915 0.246784999197614 0.235239585487773 0.218681734974178 0.166398188470659 0.0878637887529600 0.00636855687276832 -0.0900448124003729 -0.186831876695929 -0.267142312528744 -0.331843025930835 -0.373660116141258 -0.390642300434869 -0.387429095707451 -0.363769328385950 -0.329972575159875 -0.292724221888029 -0.254013823736795 -0.200133551439151 -0.148109195402641 -0.0980152263586469 -0.0545488962198498 -0.0236345660591776 -0.0226677299620696 -0.0413438224402642 -0.0644110718685700 -0.0718671469114213 -0.0554597730614412 -0.0287052993698014 -0.00511718060275190 0.00550802327727074
# ln_recsigma:
 -0.693147181000000 -0.693147181000000 -0.693147181000000 -2.30258509300000
# avg_F:
 -0.693147181000000 -0.693147181000000
# F_devs:
 0.00000000000000 0.00000000000000 0.00000000000000 0.00000000000000 0.00000000000000 0.00000000000000 0.00000000000000 0.00000000000000 0.00000000000000 0.00000000000000 0.00000000000000 0.00000000000000 0.00000000000000 0.00000000000000 0.00000000000000 0.00000000000000 0.00000000000000 0.00000000000000 0.00000000000000 0.00000000000000 -0.900000000000000 -0.900000000000000 -0.900000000000000 -0.900000000000000 -0.900000000000000 -0.900000000000000 -0.900000000000000 -0.900000000000000 -0.900000000000000 -0.900000000000000 -0.900000000000000 -0.900000000000000 -0.900000000000000 -0.900000000000000 -0.900000000000000 -0.900000000000000 -0.900000000000000 -0.900000000000000 -0.900000000000000 -0.900000000000000 -0.900000000000000 -0.900000000000000
 0.00000000000000 0.00000000000000 0.00000000000000 0.00000000000000 0.00000000000000 0.00000000000000 0.00000000000000 0.00000000000000 0.00000000000000 0.00000000000000 0.00000000000000 0.00000000000000 0.00000000000000 0.00000000000000 0.00000000000000 0.00000000000000 0.00000000000000 0.00000000000000 0.00000000000000 0.00000000000000 0.00000000000000 0.00000000000000 0.00000000000000 0.00000000000000 0.00000000000000 0.00000000000000 0.00000000000000 0.00000000000000 0.00000000000000 0.00000000000000 0.00000000000000 0.00000000000000 0.00000000000000 0.00000000000000 0.00000000000000 0.00000000000000 0.00000000000000 0.00000000000000 0.00000000000000 0.00000000000000 0.00000000000000 0.00000000000000
# logit_vuln:
 2.00000000000000 2.00000000000000 2.00000000000000 2.00000000000000 2.00000000000000 2.00000000000000 2.00000000000000 2.00000000000000 2.00000000000000 2.00000000000000
# fishsel_pars:
 3.86114932819730 3.05992265784359
 2.62094065156331 1.16328853300826
# ln_fishery_q:
 -1.38629436100000 0.405465108000000
# ln_survey_q:
 -1.52421816125861 -2.82158423145388 -2.05044320829019 0.418772489874065
# survey_selpars:
 2.95286369682119
 1.52858162752744
# ln_M1ann:
 -2.30258509299405 -2.30258509299405 -2.30258509299405 -2.30258509299405
# ln_otherFood_base:
21.0000000000
# otherFood_dev:
 0.00000000000 0.00000000000 0.00000000000
