# This file was created using create_datpin_files.R function write_tsDatFile
      #and used all inputs from csv files found in folder:
      #hydradata/data-raw
# Survey index data 
# Number of observations, init_int Nsurvey_obs
  166
# init_matrix obs_survey_biomass(1,Nsurvey_obs,1,5)
# survey year spp value cv
1 1 4 89247.11854 0.212720515
1 2 4 111134.5847 0.222168779
1 3 4 30623.65354 0.39411324
1 4 4 138845.6496 0.310035035
1 5 4 67295.70697 0.378629084
1 6 4 228706.2037 0.494427833
1 7 4 162479.023  0.759062287
1 8 4 176197.5953 0.38315087
1 9 4 167405.0381 0.489349631
1 10  4 142219.5098 0.382452036
1 11  4 140316.0067 0.566792533
1 12  4 73534.87028 0.381518572
1 13  4 325835.3944 0.438380585
1 14  4 160546.4286 0.482345652
1 15  4 356504.7116 0.420835087
1 16  4 142314.4924 0.51516586
1 17  4 55559.08989 0.559532626
1 18  4 95967.90176 0.479008946
1 19  4 103830.3  0.42941918
1 20  4 130608.596  0.477074257
1 21  4 344527.485  0.410621521
1 22  4 151939.0133 0.29467269
1 23  4 80397.502 0.477447511
1 24  4 259418.8391 0.384568504
1 25  4 127568.4475 0.333261603
1 26  4 165479.1958 0.685474246
1 27  4 118164.388  0.286882992
1 28  4 500351.9711 0.371822434
1 29  4 265122.9511 0.59263913
1 30  4 210241.8293 0.374062101
1 31  4 235384.5026 0.304499664
1 32  4 115137.2513 0.233962995
1 33  4 170784.2167 0.270006843
1 34  4 128129.7453 0.350007507
1 35  4 778185.8842 0.342745937
1 36  4 339907.802  0.261906584
1 37  4 173454.5124 0.417429035
1 38  4 153832.6344 0.441211422
1 39  4 182687.9771 0.495234601
1 40  4 105777.312  0.237858204
1 41  4 172195.3719 0.327346173
1 42  4 339645.5446 0.368315456
1 1 2 95.19967921 0.601375664
1 4 2 4.301190326 1
1 5 2 47.04426919 0.611089024
1 6 2 12.11602909 0.70203785
1 7 2 120.5164439 0.948289692
1 8 2 33.48062704 0.544380631
1 9 2 383.0747634 0.539313198
1 10  2 2196.213848 0.880950395
1 11  2 8495.458406 0.79998797
1 12  2 556.2431674 0.774991904
1 13  2 1744.074553 0.863215134
1 14  2 125.0653802 0.704083892
1 15  2 7647.295825 0.457459057
1 16  2 6350.97634  0.85319731
1 17  2 3174.688098 0.611167839
1 18  2 10663.1002  0.416775376
1 19  2 9605.991727 0.690775108
1 20  2 10369.24217 0.793751289
1 21  2 3087.869473 0.339376634
1 22  2 2223.351616 0.60195092
1 23  2 4976.781331 0.65855621
1 24  2 1957.218057 0.637453135
1 25  2 188.9741879 0.51047315
1 26  2 4562.411607 0.548437091
1 27  2 2312.965098 0.492912196
1 28  2 2539.628198 0.74759732
1 29  2 46.00970257 0.451616071
1 30  2 4270.0579 0.797269559
1 31  2 1073.119056 0.666772557
1 32  2 21976.44527 0.967872701
1 33  2 5153.127568 0.404694021
1 34  2 6223.123917 0.814873376
1 35  2 5303.764  0.533219899
1 36  2 62.86845256 0.371953859
1 37  2 2377.635164 0.791301167
1 38  2 1075.292545 0.633364993
1 39  2 48616.45594 0.827253683
1 40  2 5963.387789 0.900216415
1 41  2 2488.621864 0.957770995
1 42  2 1680.834105 0.55870585
1 1 1 29249.09209 0.241799049
1 2 1 24443.45867 0.142636214
1 3 1 13085.82159 0.22547819
1 4 1 22579.604 0.323579735
1 5 1 5959.030372 0.320666395
1 6 1 16876.7804  0.452044833
1 7 1 14996.19357 0.282096459
1 8 1 4824.138334 0.414010381
1 9 1 5353.010577 0.406388532
1 10  1 7559.667845 0.290993157
1 11  1 12211.00643 0.324615017
1 12  1 7773.464075 0.294780938
1 13  1 17138.90659 0.44040257
1 14  1 2463.567417 0.372421878
1 15  1 5543.021174 0.341871349
1 16  1 2521.572828 0.416897355
1 17  1 5992.991854 0.500820841
1 18  1 6661.495266 0.389853341
1 19  1 3377.955029 0.293941849
1 20  1 5041.248073 0.52550972
1 21  1 6712.852762 0.26643377
1 22  1 3278.320189 0.374831371
1 23  1 2648.056064 0.352011232
1 24  1 5288.037788 0.347259085
1 25  1 25990.9162  0.578696889
1 26  1 5571.627264 0.459728456
1 27  1 8758.193379 0.539982549
1 28  1 3472.708313 0.364309332
1 29  1 3621.192617 0.56279358
1 30  1 1782.592022 0.420348819
1 31  1 4710.846119 0.403753428
1 32  1 5965.905901 0.491331419
1 33  1 4155.792049 0.537081122
1 34  1 5567.486935 0.379030815
1 35  1 1932.577195 0.519511457
1 36  1 2611.542418 0.556056215
1 37  1 1618.359841 0.588197672
1 38  1 5304.962998 0.324588369
1 39  1 7997.446951 0.501841797
1 40  1 1617.594781 0.403101009
1 41  1 2355.402141 0.478602624
1 42  1 2753.691918 0.646634922
1 1 3 528.8871067 0.499484637
1 2 3 175.815079  0.358153914
1 3 3 148.205809  0.678339172
1 4 3 9.956459087 1
1 5 3 82.8875219  0.693225535
1 6 3 14.13536727 1
1 7 3 22.85656695 0.912293823
1 8 3 22.21271999 0.65573485
1 9 3 58.24528566 0.670809892
1 10  3 19.55086512 0.631102684
1 11  3 21.87045928 0.496475445
1 12  3 6.617215886 0.740682868
1 13  3 34.87451615 0.360862225
1 14  3 2580.714195 0.547901331
1 15  3 1360.940734 0.429608216
1 16  3 665.3403785 0.691189211
1 17  3 421.9262891 0.426971755
1 18  3 656.9479751 0.505524319
1 19  3 688.6249158 0.644591984
1 20  3 9293.944586 0.899065435
1 21  3 1286.077306 0.543826822
1 22  3 2612.812631 0.881746166
1 23  3 621.283047  0.408104676
1 24  3 3843.345159 0.92608255
1 25  3 41.77076376 0.648664057
1 26  3 5777.519597 0.695927824
1 27  3 692.1753784 0.708713244
1 28  3 12.88217202 0.489543854
1 29  3 3.072278804 0.703511357
1 30  3 395.3557324 0.631659803
1 31  3 219.155888  0.626570332
1 32  3 1468.393189 0.661895735
1 33  3 72.60574733 0.783155912
1 34  3 314.8109733 0.542775441
1 35  3 1437.237276 0.870542376
1 36  3 35.32570037 0.492193513
1 37  3 4342.212873 0.90963052
1 38  3 5799.995363 0.64477301
1 39  3 8680.142212 0.515045489
1 40  3 9588.82586  0.442573167
1 41  3 621.4572628 0.885876184
1 42  3 19155.47023 0.983269434
# end survey index observations 
#  
# Survey size comp data 
# Number of observations, init_int Nsurvey_size_obs 
  166
# init_matrix obs_survey_size(1,Nsurvey_size_obs,1,ncol) 
# Survey  Year  Species Type (0=whole, 1=retained, 2=discard) InpN, proportion by length bin 
1 1 1 0 57  0.012662248 0.127638565 0.675947937 0.183751249 0
1 2 1 0 65  0.004629805 0.082872616 0.758539499 0.15395808  0
1 3 1 0 32  0.007255711 0.158242677 0.834501612 0 0
1 4 1 0 32  0.027800575 0.155967532 0.559890842 0.256341052 0
1 5 1 0 21  0.00812873  0.30911138  0.387958874 0.294801016 0
1 6 1 0 18  0.005170669 0.279412383 0.715416948 0 0
1 7 1 0 25  0.029835945 0.106948408 0.863215647 0 0
1 8 1 0 20  0.017912727 0.049648823 0.93243845  0 0
1 9 1 0 16  0.013979313 0.475073163 0.510947525 0 0
1 10  1 0 19  0.001431697 0.277363498 0.132770824 0 0.588433981
1 11  1 0 20  0.015692212 0.287041104 0.697266684 0 0
1 12  1 0 22  0.018190941 0.249210233 0.313613666 0.41898516  0
1 13  1 0 23  0.012883804 0.368020322 0.341198274 0.277897601 0
1 14  1 0 14  0.009163689 0.193054767 0.797781544 0 0
1 15  1 0 21  0.018914495 0.631362106 0.349723399 0 0
1 16  1 0 14  0.007869342 0.135938184 0.856192474 0 0
1 17  1 0 17  0.008939565 0.612740857 0.378319578 0 0
1 18  1 0 19  0.009994805 0.311865188 0.678140007 0 0
1 19  1 0 18  0.002973545 0.335381203 0.661645252 0 0
1 20  1 0 15  0.012538943 0.641699129 0.345761928 0 0
1 21  1 0 21  0.000476908 0.897292794 0.102230298 0 0
1 22  1 0 13  0.004859326 0.200583536 0.794557138 0 0
1 23  1 0 14  0.011470727 0.254299614 0.734229659 0 0
1 24  1 0 14  0.012565235 0.748806816 0.23862795  0 0
1 25  1 0 18  0.008987218 0.190474102 0.800538679 0 0
1 26  1 0 14  0.00190518  0.255259612 0.742835208 0 0
1 27  1 0 23  0.112083565 0.290024105 0.59789233  0 0
1 28  1 0 14  0.017186652 0.524147628 0.45866572  0 0
1 29  1 0 17  0.03466543  0.96533457  0 0 0
1 30  1 0 18  0.015984087 0.431611236 0.552404677 0 0
1 31  1 0 20  0.014766999 0.452533177 0.532699825 0 0
1 32  1 0 10  0.026916153 0.973083847 0 0 0
1 33  1 0 15  0.004333747 0.17479991  0.820866342 0 0
1 34  1 0 18  0.033289753 0.146668829 0.424263615 0.395777803 0
1 35  1 0 8 0.000542871 0.288318068 0.289473684 0.421665377 0
1 36  1 0 12  0.014047751 0.850188675 0.135763575 0 0
1 37  1 0 8 0.045095705 0.954904295 0 0 0
1 38  1 0 16  0.003892412 0.996107588 0 0 0
1 39  1 0 10  0.001840162 0.998159838 0 0 0
1 40  1 0 10  0.006404388 0.256721129 0.736874483 0 0
1 41  1 0 13  0.004182523 0.787804265 0.208013212 0 0
1 42  1 0 8 0.186773849 0.813226151 0 0 0
1 1 2 0 11  0 0.008478309 0.028958379 0.962563312 0
1 4 2 0 1 0 0 0 1 0
1 5 2 0 5 0 0 0 1 0
1 6 2 0 1 0 0 1 0 0
1 7 2 0 3 0 0 0 1 0
1 8 2 0 4 0 0 0 1 0
1 9 2 0 5 0 0 0.52032967  0.47967033  0
1 10  2 0 10  0 0.025355343 0.919141441 0.055503215 0
1 11  2 0 13  0 0.079015873 0.253269841 0.667714286 0
1 12  2 0 15  0 0.118048924 0.52732682  0.354624256 0
1 13  2 0 9 0 0 0.389348262 0.610651738 0
1 14  2 0 6 0 0.037312995 0.135934292 0.826752713 0
1 15  2 0 13  0 0.05348024  0.748496969 0.198022791 0
1 16  2 0 10  0 0 0.987594583 0.012405417 0
1 17  2 0 10  0 0.060187173 0.457857531 0.481955296 0
1 18  2 0 18  0 0.48878988  0.483690304 0.027519817 0
1 19  2 0 27  0 0.024672476 0.748707009 0.226620515 0
1 20  2 0 23  0 0 0.914515913 0.085484087 0
1 21  2 0 25  0 0 0.727446715 0.272553285 0
1 22  2 0 9 0 0.011782468 0.740134403 0.248083129 0
1 23  2 0 8 0 0 0.907140939 0.092859061 0
1 24  2 0 9 0 0.010592885 0.743841897 0.245565217 0
1 25  2 0 14  0 0.169720858 0.079624673 0.75065447  0
1 26  2 0 18  0 0.726373711 0.273626289 0 0
1 27  2 0 16  0.000952303 0.0034555 0.79544527  0.200146927 0
1 28  2 0 6 0 0.039189078 0.853606382 0.10720454  0
1 29  2 0 8 0.003741315 0 0.499910921 0.496347764 0
1 30  2 0 17  0 0 0.632394925 0.367605075 0
1 31  2 0 9 0 0 0.65259962  0.34740038  0
1 32  2 0 30  0 0.040697486 0.948485972 0.010816542 0
1 33  2 0 24  0 0.028364124 0.971635876 0 0
1 34  2 0 25  0 0.003060896 0.994186488 0.002752615 0
1 35  2 0 16  0 0.00610387  0.956935741 0.036960389 0
1 36  2 0 13  0 0.076699834 0.521440417 0.401859749 0
1 37  2 0 8 0 0 1 0 0
1 38  2 0 10  0 0 0.680453379 0.319546621 0
1 39  2 0 13  0 0 1 0 0
1 40  2 0 8 0 0 0.665778394 0.334221606 0
1 41  2 0 5 0 0 0.27750029  0.72249971  0
1 42  2 0 17  0 0.716833264 0.283166736 0 0
1 1 3 0 27  0 0.287901552 0.214753478 0.49734497  0
1 2 3 0 13  0 0 0.525861612 0.474138388 0
1 3 3 0 5 0 0 0.4861719 0.5138281 0
1 4 3 0 2 0.023734004 0 0.976265996 0 0
1 5 3 0 5 0 0.056822638 0.683603451 0.259573912 0
1 6 3 0 1 0 0 1 0 0
1 7 3 0 3 0 0.267798898 0.732201102 0 0
1 8 3 0 3 0 0.266701975 0.733298025 0 0
1 9 3 0 4 0 1 0 0 0
1 10  3 0 4 0 0.387409599 0.612590401 0 0
1 11  3 0 4 0 0.07054685  0.92945315  0 0
1 12  3 0 2 0 0.528331822 0.471668178 0 0
1 13  3 0 8 0 0.366038882 0.633961118 0 0
1 14  3 0 19  0 0.808730543 0.191269457 0 0
1 15  3 0 15  0 0.045228126 0.954771874 0 0
1 16  3 0 12  0 0.31807799  0.68192201  0 0
1 17  3 0 14  0 0.080442662 0.919557338 0 0
1 18  3 0 14  0 0.717563048 0.282436952 0 0
1 19  3 0 15  0 0.698671832 0.301328168 0 0
1 20  3 0 17  0 0.004675002 0.995324998 0 0
1 21  3 0 12  0 0.942474793 0.057525207 0 0
1 22  3 0 11  0 0.031641863 0.968358137 0 0
1 23  3 0 16  0 0.388210489 0.611789511 0 0
1 24  3 0 15  0 0.184560499 0.815439501 0 0
1 25  3 0 4 0 0.538258058 0.461741942 0 0
1 26  3 0 14  0 0.924385714 0.075614286 0 0
1 27  3 0 6 0 0.412602371 0.587397629 0 0
1 28  3 0 4 0 0.322635858 0.677364142 0 0
1 29  3 0 2 0 1 0 0 0
1 30  3 0 10  0 1 0 0 0
1 31  3 0 9 0 0 1 0 0
1 32  3 0 12  0 0.126688293 0.873311707 0 0
1 33  3 0 5 0 0.750432186 0.249567814 0 0
1 34  3 0 9 0 0.406268974 0.593731026 0 0
1 35  3 0 5 0 0.073639982 0.926360018 0 0
1 36  3 0 5 0 0.188861789 0.811138211 0 0
1 37  3 0 3 0 0 1 0 0
1 38  3 0 15  0 0.003707431 0.996292569 0 0
1 39  3 0 12  0 0.021801754 0.978198246 0 0
1 40  3 0 9 0 0.84927411  0.15072589  0 0
1 41  3 0 8 0 0.145981589 0.854018411 0 0
1 42  3 0 12  0 0.107677517 0.892322483 0 0
1 1 4 0 86  0.001538021 0.345522488 0.566151441 0.086788051 0
1 2 4 0 100 0.023230286 0.187614568 0.615071468 0.174083678 0
1 3 4 0 33  0.005721156 0.173316542 0.718836486 0.102125816 0
1 4 4 0 44  0 0.546466927 0.396646809 0.056886264 0
1 5 4 0 34  0.032208039 0.37969516  0.489129384 0.098967417 0
1 6 4 0 40  0.001334466 0.610578868 0.28567438  0.102412286 0
1 7 4 0 39  0.021047485 0.302973682 0.364591435 0.311387398 0
1 8 4 0 49  0.016829914 0.477963471 0.410577064 0.094629551 0
1 9 4 0 36  0.016899324 0.466617911 0.461520343 0.054962423 0
1 10  4 0 43  0.022879854 0.592192543 0.351169295 0.033758308 0
1 11  4 0 41  0.0324274 0.569464031 0.398108569 0 0
1 12  4 0 35  0.035871274 0.569337165 0.322202165 0.072589396 0
1 13  4 0 32  0.011667679 0.268055909 0.681386761 0.038889651 0
1 14  4 0 21  0.006284836 0.394910018 0.598805146 0 0
1 15  4 0 30  0.008454245 0.559032664 0.393891903 0.038621188 0
1 16  4 0 19  0 0.262087293 0.655370731 0.082541976 0
1 17  4 0 35  0.001968599 0.486452823 0.441293966 0.070284612 0
1 18  4 0 27  0 0.445210018 0.554789982 0 0
1 19  4 0 34  0 0.739773463 0.260226537 0 0
1 20  4 0 42  0 0.645640093 0.354359907 0 0
1 21  4 0 41  0.002793507 0.736463497 0.260742996 0 0
1 22  4 0 44  0 0.596016391 0.403983609 0 0
1 23  4 0 28  0 0.405156634 0.594843366 0 0
1 24  4 0 34  0 0.562710295 0.437289705 0 0
1 25  4 0 36  0 0.227071487 0.772928513 0 0
1 26  4 0 31  0 0.053307882 0.946692118 0 0
1 27  4 0 39  0 0.131113123 0.831796997 0.037089881 0
1 28  4 0 38  0.000672381 0.06474621  0.934581409 0 0
1 29  4 0 48  0.000212182 0.079921617 0.919866201 0 0
1 30  4 0 38  0.006730542 0.069859472 0.923409987 0 0
1 31  4 0 61  0.001186397 0.202501725 0.796311879 0 0
1 32  4 0 48  0.003423693 0.338059857 0.65851645  0 0
1 33  4 0 49  0.01137204  0.430973363 0.557654597 0 0
1 34  4 0 44  0.095601207 0.417354958 0.487043835 0 0
1 35  4 0 61  0.052539401 0.730881839 0.216578759 0 0
1 36  4 0 67  0.015168926 0.916053116 0.068777958 0 0
1 37  4 0 57  0.029267129 0.912728256 0.058004615 0 0
1 38  4 0 38  0.001744777 0.761961004 0.236294219 0 0
1 39  4 0 52  0.002422588 0.815264019 0.182313393 0 0
1 40  4 0 43  0.00624057  0.94072912  0.05303031  0 0
1 41  4 0 42  0 0.853259221 0.146740779 0 0
1 42  4 0 61  0.000901778 0.825562724 0.173535498 0 0
# end survey length observations 
#  
# Fishery catch data 
# Number of observations, init_int Ncatch_obs
  168
# init_matrix obs_catch_biomass(1,Ncatch_obs,1,6) 
# Fleet	Area	Year	Species	Catch(biomass t)	CV 
  1 1 1 1 17350.0256202777 0.05
  1 1 2 1 17853.0582765076 0.05
  1 1 3 1 24001.1482556493 0.05
  1 1 4 1 20101.4686548759 0.05
  1 1 5 1 29158.4259626596 0.05
  1 1 6 1 23111.9132190529 0.05
  1 1 7 1 15830.2347563758 0.05
  1 1 8 1 23906.2335842259 0.05
  1 1 9 1 17559.4539075942 0.05
  1 1 10 1 20203.3435924506 0.05
  1 1 11 1 25782.8195811783 0.05
  1 1 12 1 21093.6134103244 0.05
  1 1 13 1 28417.3976726207 0.05
  1 1 14 1 25521.9739872109 0.05
  1 1 15 1 19653.1786062495 0.05
  1 1 16 1 15679.5457910602 0.05
  1 1 17 1 9684.87219051858 0.05
  1 1 18 1 4631.60830501546 0.05
  1 1 19 1 5645.64037219919 0.05
  1 1 20 1 6490.83287586803 0.05
  1 1 21 1 5428.37913841999 0.05
  1 1 22 1 6159.63906817499 0.05
  1 1 23 1 5726.6013940504 0.05
  1 1 24 1 8040.88312839125 0.05
  1 1 25 1 6608.81111708538 0.05
  1 1 26 1 7792.39569235524 0.05
  1 1 27 1 3087.0748664214 0.05
  1 1 28 1 2260.82474229225 0.05
  1 1 29 1 2558.63396553097 0.05
  1 1 30 1 3806.53712219672 0.05
  1 1 31 1 5067.78127029375 0.05
  1 1 32 1 4096.84282185017 0.05
  1 1 33 1 2357.78226345762 0.05
  1 1 34 1 2489.21170471604 0.05
  1 1 35 1 1403.66167371651 0.05
  1 1 36 1 686.986410002788 0.05
  1 1 37 1 1115.64403568413 0.05
  1 1 38 1 1043.38232657067 0.05
  1 1 39 1 883.015820848177 0.05
  1 1 40 1 626.020550314572 0.05
  1 1 41 1 719.155301970205 0.05
  1 1 42 1 374.454652246033 0.05
  1 1 1 4 6005.5381350045 0.05
  1 1 2 4 5000.39744939462 0.05
  1 1 3 4 6958.30020298246 0.05
  1 1 4 4 6847.20442048414 0.05
  1 1 5 4 8671.53952595457 0.05
  1 1 6 4 8372.18047930161 0.05
  1 1 7 4 6544.63739484756 0.05
  1 1 8 4 6711.06446822866 0.05
  1 1 9 4 6690.77420571481 0.05
  1 1 10 4 7019.43314900859 0.05
  1 1 11 4 8509.97817487895 0.05
  1 1 12 4 11244.7410747459 0.05
  1 1 13 4 16334.9543808152 0.05
  1 1 14 4 16999.7020929718 0.05
  1 1 15 4 10547.3831228215 0.05
  1 1 16 4 6565.34633465736 0.05
  1 1 17 4 15561.1465363664 0.05
  1 1 18 4 8486.16698131269 0.05
  1 1 19 4 9356.91464028691 0.05
  1 1 20 4 13635.403932731 0.05
  1 1 21 4 5734.67601533309 0.05
  1 1 22 4 5230.32299451817 0.05
  1 1 23 4 9756.70737253154 0.05
  1 1 24 4 8872.45130580666 0.05
  1 1 25 4 7961.31488085209 0.05
  1 1 26 4 5737.33068886666 0.05
  1 1 27 4 4002.17763302246 0.05
  1 1 28 4 1970.38804364801 0.05
  1 1 29 4 6265.93263869158 0.05
  1 1 30 4 3864.16370814335 0.05
  1 1 31 4 2272.16005379502 0.05
  1 1 32 4 4078.18235642461 0.05
  1 1 33 4 3169.58171955526 0.05
  1 1 34 4 3606.96382159409 0.05
  1 1 35 4 4524.17873746803 0.05
  1 1 36 4 3349.65815475033 0.05
  1 1 37 4 5238.85366428384 0.05
  1 1 38 4 4738.63877808637 0.05
  1 1 39 4 6350.33841593054 0.05
  1 1 40 4 5083.74387194457 0.05
  1 1 41 4 3783.24165278369 0.05
  1 1 42 4 2868.57019491606 0.05
  2 1 1 2 1346.33379547618 0.05
  2 1 2 2 799.979504605844 0.05
  2 1 3 2 1364.67729816786 0.05
  2 1 4 2 881.777085325514 0.05
  2 1 5 2 1265.66691480758 0.05
  2 1 6 2 1171.05704620398 0.05
  2 1 7 2 736.610230485805 0.05
  2 1 8 2 938.335325957831 0.05
  2 1 9 2 875.2553849 0.05
  2 1 10 2 817.347086103546 0.05
  2 1 11 2 1040.40115105221 0.05
  2 1 12 2 932.400217178829 0.05
  2 1 13 2 2867.05036989973 0.05
  2 1 14 2 1674.05216224225 0.05
  2 1 15 2 906.503727890806 0.05
  2 1 16 2 2300.64480258338 0.05
  2 1 17 2 2007.27559099622 0.05
  2 1 18 2 25.0015194481519 0.05
  2 1 19 2 3608.59354195378 0.05
  2 1 20 2 6493.87097851048 0.05
  2 1 21 2 17815.5229322986 0.05
  2 1 22 2 15924.7981827493 0.05
  2 1 23 2 10632.3080334932 0.05
  2 1 24 2 29178.8898051922 0.05
  2 1 25 2 11800.8626457634 0.05
  2 1 26 2 15249.980495185 0.05
  2 1 27 2 12575.6407879655 0.05
  2 1 28 2 10829.3858811569 0.05
  2 1 29 2 11731.4569578417 0.05
  2 1 30 2 8470.24704169314 0.05
  2 1 31 2 8653.7023295754 0.05
  2 1 32 2 17570.2678609805 0.05
  2 1 33 2 12251.3232361036 0.05
  2 1 34 2 21914.3642171266 0.05
  2 1 35 2 23370.2574833911 0.05
  2 1 36 2 24659.0697023952 0.05
  2 1 37 2 21763.8145580952 0.05
  2 1 38 2 20662.8132662469 0.05
  2 1 39 2 12412.1623909705 0.05
  2 1 40 2 8697.22891843343 0.05
  2 1 41 2 6657.84639408822 0.05
  2 1 42 2 1729.10774176494 0.05
  2 1 1 3 483.689109068294 0.05
  2 1 2 3 260.393258699526 0.05
  2 1 3 3 355.313876219743 0.05
  2 1 4 3 399.817458663356 0.05
  2 1 5 3 2915.90067089953 0.05
  2 1 6 3 3557.06707042192 0.05
  2 1 7 3 2672.92033229518 0.05
  2 1 8 3 2631.05181802578 0.05
  2 1 9 3 3441.35099451754 0.05
  2 1 10 3 2482.60272880099 0.05
  2 1 11 3 3378.66014955699 0.05
  2 1 12 3 621.243669734912 0.05
  2 1 13 3 2869.34065669349 0.05
  2 1 14 3 1446.60442488624 0.05
  2 1 15 3 1235.47099486385 0.05
  2 1 16 3 1085.38437039687 0.05
  2 1 17 3 17376.2779990742 0.05
  2 1 18 3 1312.97491972068 0.05
  2 1 19 3 926.526901557613 0.05
  2 1 20 3 736.711727125306 0.05
  2 1 21 3 455.441956446405 0.05
  2 1 22 3 2307.75472932644 0.05
  2 1 23 3 968.378460218318 0.05
  2 1 24 3 197.980054545155 0.05
  2 1 25 3 842.202321428438 0.05
  2 1 26 3 2059.73479225169 0.05
  2 1 27 3 2663.00058762521 0.05
  2 1 28 3 615.994244981639 0.05
  2 1 29 3 1559.50333978949 0.05
  2 1 30 3 2216.07421424252 0.05
  2 1 31 3 1678.45840497098 0.05
  2 1 32 3 672.64654367941 0.05
  2 1 33 3 153.205957674883 0.05
  2 1 34 3 122.758551533118 0.05
  2 1 35 3 131.698407415538 0.05
  2 1 36 3 2097.54417488934 0.05
  2 1 37 3 2229.47327552718 0.05
  2 1 38 3 993.536995459745 0.05
  2 1 39 3 870.430486816184 0.05
  2 1 40 3 1328.68471750978 0.05
  2 1 41 3 979.123788454434 0.05
  2 1 42 3 258.827604232194 0.05
# end catch observations 
#  
# Fishery size comp data 
# Number of observations, init_int Ncatch_size_obs 
  168
# init_matrix obs_catch_size(1,Ncatch_size_obs,1,ncol) 
# Fleet Area  Year  Species Type (0=whole, 1=retained, 2=discard) InpN, proportion by size bin 
  1 1 1 1 0 81 0 0.286189549114317 0.657001034623464 0.0563394307621785 0.000469985500040321
  1 1 2 1 0 73 0 0.243764578954427 0.590376242386643 0.164315061733561 0.0015441169253695
  1 1 3 1 0 65 0 0.381228508722571 0.48655860044237 0.130450219346524 0.00176267148853549
  1 1 4 1 0 56 0 0.373072322601764 0.521399839747064 0.100239913681406 0.00528792396976541
  1 1 5 1 0 120 0.000659931354227507 0.568998253487348 0.357488657529121 0.0706165799099541 0.00223657771935015
  1 1 6 1 0 130 0 0.416014043715354 0.518924158344013 0.0593808694511713 0.00568092848946214
  1 1 7 1 0 94 0 0.245970099419179 0.644149926598162 0.106314216523183 0.00356575745947614
  1 1 8 1 0 94 0 0.53110916512299 0.378442315809071 0.0879593666964642 0.0024891523714745
  1 1 9 1 0 82 0 0.397399180680812 0.506756821551369 0.0936774439290447 0.00216655383877433
  1 1 10 1 0 76 0 0.618316556825726 0.330050560421414 0.0506467696099929 0.000986113142866887
  1 1 11 1 0 74 0 0.361964079635628 0.582649441084609 0.0544759993617824 0.000910479917980568
  1 1 12 1 0 65 0 0.337000596931129 0.607215019351181 0.0553709723503881 0.000413411367301803
  1 1 13 1 0 77 0.00774203831723148 0.501450117602252 0.447581941708526 0.0428451862924445 0.000380716079545549
  1 1 14 1 0 88 0 0.285360717542829 0.639005919255441 0.0749984496885047 0.000634913513225485
  1 1 15 1 0 66 0 0.445625908010332 0.476920072393036 0.0766246266330655 0.000829392963566942
  1 1 16 1 0 69 0 0.413346416299974 0.524938524662147 0.0609585896353043 0.000756469402574492
  1 1 17 1 0 43 0.0144915178448341 0.289956355159646 0.636844849488924 0.0574928190985641 0.00121445840803135
  1 1 18 1 0 34 0 0.417781448156787 0.536801564231053 0.0448766412808158 0.000540346331344147
  1 1 19 1 0 55 0.00389185514866959 0.285277093492739 0.656418364055462 0.0542826782152996 0.000130009087829655
  1 1 20 1 0 64 0 0.302114417591658 0.64194216901798 0.0556861180919634 0.000257295298397964
  1 1 21 1 0 77 0 0.366583822318909 0.580935606111965 0.0521910347324629 0.00028953683666326
  1 1 22 1 0 67 0 0.338779517394803 0.619183515006279 0.0419597561356083 7.72114633093415e-05
  1 1 23 1 0 133 0 0.291567846619097 0.660721541042643 0.0477106123382598 0
  1 1 24 1 0 98 0 0.376065797025692 0.58813429507159 0.0354888998890125 0.000311008013705237
  1 1 25 1 0 91 0 0.237102045693081 0.707269562681441 0.0551556274766683 0.000472764148809454
  1 1 26 1 0 77 0 0.104920785253872 0.828497564622322 0.0663370574143741 0.000244592709432252
  1 1 27 1 0 102 0 0.0820708343004263 0.819541036984422 0.095652191136611 0.00273593757854059
  1 1 28 1 0 76 0 0.0821182552356281 0.838239897742046 0.0784060578068672 0.00123578921545869
  1 1 29 1 0 110 0 0.122589299895581 0.835204487809982 0.0418327340708079 0.000373478223629156
  1 1 30 1 0 100 0 0.108730819536731 0.874110308249887 0.0170825901912851 7.62820220976884e-05
  1 1 31 1 0 108 0 0.148403586945873 0.835991160993007 0.0155309150429338 7.43370181861869e-05
  1 1 32 1 0 118 0 0.0661955481254482 0.915483562969657 0.0182138990974582 0.000106989807436706
  1 1 33 1 0 129 0 0.0840130535391105 0.898451066714456 0.0175116417324067 2.4238014026284e-05
  1 1 34 1 0 90 0 0.0945176361974447 0.87218541774535 0.0326075634974057 0.000689382559799327
  1 1 35 1 0 69 0 0.159250831339389 0.820044212928858 0.0205945159738918 0.000110439757861663
  1 1 36 1 0 80 0 0.368980794527863 0.618577067062517 0.0124421384096195 0
  1 1 37 1 0 62 0 0.381243926563419 0.61174682076055 0.00688457030935297 0.000124682366677442
  1 1 38 1 0 94 0 0.340165248699335 0.645437846051508 0.014364992212494 3.19130366628407e-05
  1 1 39 1 0 75 0 0.397522024158859 0.577031545322212 0.0253963334166021 5.00971023266355e-05
  1 1 40 1 0 75 0 0.0622126958154085 0.886031022107596 0.0517562820769959 0
  1 1 41 1 0 35 0 0.0567832680342739 0.859262203198092 0.0839545287676339 0
  1 1 42 1 0 22 0 0.128279335351858 0.729835583919568 0.141885080728575 0
  1 1 1 4 0 5 0 0 0.451776649746193 0.548223350253807 0
  1 1 2 4 0 5 0 0 0.451776649746193 0.548223350253807 0
  1 1 3 4 0 5 0 0 0.451003488232421 0.548996511767579 0
  1 1 4 4 0 5 0 0 0.73 0.27 0
  1 1 5 4 0 5 0 0 0.246287864372513 0.753712135627487 0
  1 1 6 4 0 5 0 0 0.336261317382859 0.663738682617141 0
  1 1 7 4 0 5 0 0 0.135517498138496 0.864482501861504 0
  1 1 8 4 0 5 0 0 0.199295774647887 0.800704225352113 0
  1 1 9 4 0 5 0 0.0129353233830846 0.162189054726368 0.824875621890547 0
  1 1 10 4 0 5 0 0 0.317301264549353 0.682698735450647 0
  1 1 11 4 0 1 0 0 0.199722607489598 0.800277392510402 0
  1 1 12 4 0 5 0 0 0.206993827966915 0.793006172033085 0
  1 1 13 4 0 1 0 0 0.23807800791327 0.761377267263443 0.00054472482328672
  1 1 14 4 0 2 0.00842303692027471 0 0.418826567929583 0.572750395150142 0
  1 1 15 4 0 8 0 0 0.31872731739847 0.68127268260153 0
  1 1 16 4 0 3 0 0 0.423239391045981 0.576760608954019 0
  1 1 17 4 0 3 0 0 0.591567635110483 0.408432364889517 0
  1 1 18 4 0 1 0 0 0.694388555028747 0.305611444971253 0
  1 1 19 4 0 3 0.0400048910517075 0 0.856478473967743 0.10351663498055 0
  1 1 20 4 0 3 0.0379694812470997 0 0.937068281954126 0.0249622367987746 0
  1 1 21 4 0 3 0 0.0279313349806857 0.890820412773347 0.0812482522459672 0
  1 1 22 4 0 2 0 0 0.959825744980888 0.0401742550191117 0
  1 1 23 4 0 6 0 0.00170674090636914 0.961952181529884 0.0363410775637469 0
  1 1 24 4 0 1 0 0 0.923221866579571 0.0767781334204291 0
  1 1 25 4 0 1 0 0 0.879700580376103 0.120299419623897 0
  1 1 26 4 0 2 0 0 0.912881417813362 0.0871185821866385 0
  1 1 27 4 0 2 0 0 0.801060193439295 0.198939806560705 0
  1 1 28 4 0 4 0 0.000324983596346058 0.897437256262532 0.102237760141121 0
  1 1 29 4 0 7 0 0.000169492598185232 0.913347968666232 0.0864825387355828 0
  1 1 30 4 0 6 0.000574735451698814 0 0.885326882440682 0.114098382107619 0
  1 1 31 4 0 10 0 0 0.864556786828968 0.135443213171032 0
  1 1 32 4 0 7 0 0 0.866849794696453 0.133150205303547 0
  1 1 33 4 0 15 0.000965852597457916 0.000965852597457916 0.824861595498433 0.173206699306651 0
  1 1 34 4 0 19 0 0.000529504887568661 0.883229142009802 0.116241353102629 0
  1 1 35 4 0 13 0 0.000387526170433129 0.749099888770478 0.250512585059089 0
  1 1 36 4 0 23 0 0.000524455541619863 0.741581560013405 0.257893984444975 0
  1 1 37 4 0 7 0 0.000243522710662807 0.758313366777537 0.2414431105118 0
  1 1 38 4 0 7 0 0.000351036299818142 0.881331095305895 0.118317868394286 0
  1 1 39 4 0 19 0.0009702580012501 0.00038810320050004 0.821065202640868 0.177576436157382 0
  1 1 40 4 0 25 0 0.000353095912214027 0.840309906632535 0.159336997455251 0
  1 1 41 4 0 31 0 0.000981646758983481 0.820074342871553 0.178944010369464 0
  1 1 42 4 0 31 0 0 0.848820939832482 0.151179060167518 0
  2 1 1 2 0 2 0 0.0903141614635249 0.235314818664797 0.446674782613121 0.227696237258557
  2 1 2 2 0 5 6.49933868132757e-07 0.16949770671883 0.433799427949169 0.290237053936703 0.106465161461429
  2 1 3 2 0 2 0 0.0177294112958403 0.318714695647927 0.589207044512508 0.0743488485437239
  2 1 4 2 0 5 0 0.0230533479054805 0.130647661068762 0.772192107317215 0.0741068837085424
  2 1 5 2 0 5 0 0.104214418368526 0.221295295788377 0.446765477114377 0.22772480872872
  2 1 6 2 0 5 0 0.180932449457399 0.48705892258449 0.25285484035912 0.0791537875989904
  2 1 7 2 0 5 0 0.0282754486106534 0.211572249813846 0.67569337336639 0.0844589282091106
  2 1 8 2 0 1 0 0.185013177445657 0.215023963190325 0.517139782944008 0.0828230764200096
  2 1 9 2 0 5 0 0.0423443414303513 0.224900776721848 0.596680703346504 0.136074178501296
  2 1 10 2 0 5 0 0.168632877043218 0.243225222632948 0.566311195193337 0.0218307051304973
  2 1 11 2 0 2 0 0.0551110587506708 0.388273350610803 0.515479265302262 0.0411363253362642
  2 1 12 2 0 5 0 0.157058743988797 0.206147673465642 0.404063604663853 0.232729977881708
  2 1 13 2 0 5 0 0.00607253971783565 0.248741317268622 0.60851808656988 0.136668056443663
  2 1 14 2 0 5 0 0.000847608504191228 0.153879919301424 0.710308759248743 0.134963712945641
  2 1 15 2 0 5 0 0.0254901392724463 0.288269825840435 0.55814920077014 0.128090834116979
  2 1 16 2 0 5 0 0.0469388844343322 0.322237095431517 0.593532905905629 0.0372911142285223
  2 1 17 2 0 5 0 0 0.25 0.7175 0.0325
  2 1 18 2 0 5 0 0 0.0922131147540984 0.887295081967213 0.0204918032786885
  2 1 19 2 0 5 0 0.00714046983827723 0.300366568550222 0.659441122533284 0.033051839078217
  2 1 20 2 0 30 0 0.000984499598494853 0.384233055439038 0.601890639752903 0.0128918052095643
  2 1 21 2 0 46 0 0.00833210906979483 0.296420650610148 0.686151053161334 0.00909618715872287
  2 1 22 2 0 10 0 0.00208937407077026 0.267058886553772 0.727512661289403 0.00333907808605463
  2 1 23 2 0 19 0 0 0.344046385716148 0.650155826461075 0.00579778782277697
  2 1 24 2 0 61 0 0 0.179158290252686 0.811686350638541 0.00915535910877298
  2 1 25 2 0 29 0 0.00601738208316394 0.156123799608097 0.831038519040887 0.00682029926785206
  2 1 26 2 0 32 0 0.000717694284090046 0.368125260555959 0.624093972436253 0.00706307272369786
  2 1 27 2 0 16 0 0.00167544396183306 0.324834095163423 0.668386154573176 0.0051043063015671
  2 1 28 2 0 31 0 0 0.304954124638171 0.691407271243408 0.00363860411842044
  2 1 29 2 0 44 0 0 0.186695847487447 0.804833426007136 0.00847072650541747
  2 1 30 2 0 29 0 0.000617019575248026 0.399357048708044 0.596853308273431 0.00317262344327714
  2 1 31 2 0 25 0 0 0.0754876375015048 0.909514364180612 0.0149979983178833
  2 1 32 2 0 22 0 0 0.190985441388335 0.799696971042284 0.00931758756938075
  2 1 33 2 0 35 0 0.00436950831510446 0.459956504024626 0.5281376550972 0.00753633256306969
  2 1 34 2 0 28 0 0 0.693491886850349 0.305776302362405 0.00073181078724532
  2 1 35 2 0 45 0 0 0.215753817116135 0.783411339448506 0.000834843435359503
  2 1 36 2 0 51 0 0.00414380893631568 0.207271906808493 0.788387945048965 0.000196339206226383
  2 1 37 2 0 41 0 0 0.208303205808863 0.791555342134787 0.000141452056349962
  2 1 38 2 0 36 0 0.000324821496144945 0.130097378154974 0.869198912123251 0.000378888225630538
  2 1 39 2 0 20 0 0 0.207483775552169 0.792095774770199 0.000420449677631722
  2 1 40 2 0 14 0 0 0.138093560750588 0.861279199761602 0.000627239487810114
  2 1 41 2 0 17 0 0 0.177660874345987 0.819857742980391 0.00248138267362191
  2 1 42 2 0 24 0 0.0246671534842189 0.106259437284276 0.850264415502889 0.0188089937286163
  2 1 1 3 0 1 0 3.70885029876148e-07 0.670774324883175 0.329225304231795 0
  2 1 2 3 0 5 0 4.87567667915735e-05 0.232861958905771 0.767089284327437 0
  2 1 3 3 0 5 0 0.0318553887468617 0.580714187941881 0.387430423311258 0
  2 1 4 3 0 1 0 0.144722041337034 0.296308730967027 0.558969227695938 0
  2 1 5 3 0 6 0 0.0132984168174139 0.219322854174504 0.767378729008082 0
  2 1 6 3 0 4 0 0.0467424711320693 0.41619847556407 0.53705905330386 0
  2 1 7 3 0 5 0 0.258998882076764 0.554754196730411 0.186246921192824 0
  2 1 8 3 0 1 0 0.000271684442705769 0.822349301279432 0.177170885103115 0.000208129174746769
  2 1 9 3 0 1 0 0.107510266066223 0.747732571330537 0.144498648334026 0.000258514269213373
  2 1 10 3 0 1 0 0.234554436518226 0.719326942111617 0.0461186213701567 0
  2 1 11 3 0 2 0 0.000528709726447684 0.640747482768673 0.35872380750488 0
  2 1 12 3 0 5 0 0.00932583084145555 0.458933362961541 0.531740806197003 0
  2 1 13 3 0 4 0 0.0139922878072162 0.603738906799693 0.382268805393091 0
  2 1 14 3 0 8 0.000629255100074785 0.00153206974833853 0.686501886457386 0.310964140785102 0.000372647909098734
  2 1 15 3 0 11 0 0.00148998992142557 0.743761243969044 0.254748017518232 7.48591298305538e-07
  2 1 16 3 0 5 0 0.0818220851452354 0.709006604377668 0.209171310477097 0
  2 1 17 3 0 5 0 0.00522955805477878 0.901890858843503 0.0927573265177652 0.000122256583953049
  2 1 18 3 0 1 0 0.0282215153038824 0.81362069000981 0.070422009221522 0.0877357854647861
  2 1 19 3 0 1 0 0.0469822038974965 0.851915582263564 0.101102213838939 0
  2 1 20 3 0 4 0 0.0451872533852552 0.692233347600733 0.262579399014012 0
  2 1 21 3 0 3 0 0.00434115411597282 0.670793622229623 0.324865223654405 0
  2 1 22 3 0 4 0 0.00135661631242225 0.801374477792787 0.197268905894791 0
  2 1 23 3 0 3 0 0.0119193567103312 0.784570258335997 0.203510384953672 0
  2 1 24 3 0 3 0 0.00910081676993445 0.685687921513643 0.305211261716423 0
  2 1 25 3 0 2 0 0.0256895513178062 0.923451020978623 0.0508594277035707 0
  2 1 26 3 0 4 0 0.168053608921277 0.794256439083864 0.0376899519948588 0
  2 1 27 3 0 5 0 0.291195205285571 0.63310224874748 0.0757020985516175 4.47415331980649e-07
  2 1 28 3 0 4 0 0.00884245882423394 0.919845155320602 0.0713123858551643 0
  2 1 29 3 0 4 0 0.00433310608667249 0.928990651725881 0.0666762421874466 0
  2 1 30 3 0 24 0 0.0157271671547937 0.925316402231978 0.0589564306132281 0
  2 1 31 3 0 10 0 0.0471022152499177 0.918800606571395 0.034097178178687 0
  2 1 32 3 0 12 0 0.00708663117295829 0.973734455123092 0.0191789137039492 0
  2 1 33 3 0 4 0 0.0447253032517695 0.948576123504026 0.00669857324420431 0
  2 1 34 3 0 6 0 0.732820639978842 0.265332288187492 0.00184707183366655 0
  2 1 35 3 0 2 0 0.0706406355345198 0.928105459278516 0.00125390518696431 0
  2 1 36 3 0 10 0 0.0188917110498146 0.979951459992771 0.00115682895741488 0
  2 1 37 3 0 9 0 0.0383047582660346 0.960945182792553 0.000750058941412729 0
  2 1 38 3 0 13 0 0.153425618650388 0.839788043240036 0.00678633810957582 0
  2 1 39 3 0 16 0 0.105079808118043 0.891637874392413 0.00328231748954424 0
  2 1 40 3 0 27 0 0.321291920821818 0.677873068987721 0.000835010190460955 0
  2 1 41 3 0 15 0 0.00759487544137054 0.991443297077091 0.000961827481538801 0
  2 1 42 3 0 16 0 0.0237308980791967 0.973281389309419 0.00298771261138408 0
# end fishery length observations 
#  
# Survey diet proportion observations 
# Number of observations, init_int Ndietprop_obs 
  60
# init_matrix obs_dietprop(1,Ndietprop_obs,1,ncol) 
# Survey  Year  Predator  Predator_size InpN  wt_prey_1 wt_prey_2 wt_prey_3 wt_prey_4 wt_prey_5 wt_prey_6 wt_prey_7 wt_prey_8 wt_prey_9 wt_prey_10 wt_prey_11 other 
1 12  1 2 100 0.026938482 0 0 0 0.973061518
1 12  1 3 100 0.571156592 0 0 0 0.428843408
1 13  1 3 100 0 0.072377524 0 0 0.927622476
1 13  1 4 100 0 0.969120303 0 0 0.030879697
1 15  1 2 100 0 0.05386745  0 0 0.94613255
1 18  1 1 100 0.546689304 0 0 0 0.453310696
1 18  1 2 100 0.032161661 0.001608083 0 0 0.966230256
1 18  1 3 100 0 0.140829324 0 0 0.859170676
1 19  1 2 100 0 0.327843629 0 0 0.672156371
1 19  1 3 100 0 0.17370946  0 0 0.82629054
1 20  1 3 100 0 0.089642626 0 0 0.910357374
1 21  1 2 100 0 0.056037579 0 0 0.943962421
1 21  1 3 100 0 0.246861691 0.000776051 0 0.752362258
1 24  1 3 100 0 0.341058077 0 0 0.658941923
1 25  1 3 100 0 0.325218629 0 0 0.674781371
1 26  1 3 100 0 0.272442202 0.263851682 0 0.463706116
1 27  1 3 100 0 0.279080407 0.156468032 0 0.564451561
1 28  1 3 100 0 0.741140008 0 0 0.258859992
1 33  1 3 100 0 0.203527815 0 0 0.796472185
1 34  1 3 100 0 0.323120926 0 0 0.676879074
1 35  1 3 100 0 0.375 0 0 0.625
1 38  1 3 100 0 0.078080636 0 0 0.921919364
1 39  1 3 100 0 0.351971038 0 0 0.648028962
1 40  1 2 100 0 0.293398533 0 0 0.706601467
1 41  1 2 100 0 0 0.498373606 0 0.501626394
1 8 4 2 100 0.028575661 0 0 0 0.971424339
1 8 4 3 100 0.00746888  0 0 0 0.99253112
1 11  4 3 100 0 0.004926137 0 0 0.995073863
1 13  4 2 100 0 0.00452838  0 0 0.99547162
1 13  4 3 100 0 0.480629187 0 0 0.519370813
1 13  4 4 100 0 0.240486879 0.096194752 0 0.66331837
1 14  4 3 100 0 0.056916057 0 0 0.943083943
1 15  4 3 100 0 0.58741162  0 0 0.41258838
1 15  4 4 100 0 0.454789703 0 0 0.545210297
1 16  4 3 100 0 0.66200271  0 0 0.33799729
1 16  4 4 100 0 0.751215201 0 0 0.248784799
1 17  4 3 100 0 0.006128095 0 0 0.993871905
1 18  4 3 100 0 0.16997106  0 0 0.83002894
1 19  4 2 100 0 0.053479037 0 0 0.946520963
1 19  4 3 100 0 0.139890766 0 0 0.860109234
1 20  4 2 100 0 0 0.028652855 0 0.971347145
1 20  4 3 100 0 0.027267499 0 0 0.972732501
1 21  4 3 100 0 0.358547339 0 0 0.641452661
1 22  4 2 100 0 0 0.164624149 0 0.835375851
1 23  4 3 100 0 0.256122109 0 0 0.743877891
1 24  4 3 100 0 0 0 0.040632419 0.959367581
1 25  4 3 100 0 0 0.003991637 0 0.996008363
1 25  4 4 100 0 1 0 0 0
1 26  4 3 100 0 0.035754664 0 0 0.964245336
1 27  4 2 100 0 0.467807955 0 0 0.532192045
1 27  4 3 100 0 0.534960899 0 0 0.465039101
1 28  4 2 100 0 0 0.353588705 0 0.646411295
1 28  4 3 100 0 0.150275353 0.07126924  0 0.778455407
1 29  4 3 100 0 0.052421565 0 0 0.947578435
1 31  4 3 100 0 0.261197785 0 0 0.738802215
1 31  4 4 100 0 0.356819441 0 0 0.643180559
1 34  4 3 100 0 0.059401235 0.039600823 0 0.900997942
1 40  4 3 100 0 0 0.351837373 0 0.648162627
1 40  4 4 100 0 0 0.75  0 0.25
1 42  4 3 100 0 0.055891365 0 0 0.944108635
# end survey diet proportion observations 
#  
