# Number of parameters = 204 Objective function value = 31330.8240196522  Maximum gradient component = 9.50877123069437e-05
# ln_yr1N:
 -218.815610856846 10.5314901036882 8.82744280306780 6.13460635831656 5.36658704562987
 -40.3538239677142 12.4188771880360 11.9548469722453 11.3207442278333 8.54995089388899
 -37.7998174515937 14.2631274208080 8.41246713367860 9.55607106655680 5.95664304162747
 11.2017079569523 -62.3102307754795 10.5293063053247 7.84248925868514 -46.0940632440241
# recruitment_alpha:
 0.00000000000000 0.00000000000000 0.00000000000000 0.00000000000000
# recruitment_shape:
 0.00000000000000 0.00000000000000 0.00000000000000 0.00000000000000
# recruitment_beta:
 0.00000000000000 0.00000000000000 0.00000000000000 0.00000000000000
# ln_avg_recruitment:
 6.61000669406532 12.9840261991441 10.1664894426682 9.98924967723168
# recruitment_devs:
 0.526978539378508 0.313213985796984 4.01046059010037 0.0495558902643896 0.234387288574634 0.253570163021060 3.81448539220874 0.213094134512589 3.50601820319210 0.0591639606738892 -0.164453511159454 -0.326349413854640 -0.355721437963873 -0.292761800028906 -0.311261639383999 0.510317951713456 3.33922728479845 -0.160553442578167 -0.0564461878663064 0.136907102180641 0.0325244295263630 -0.165418998029542 -0.426811621200944 -0.571740726091017 -0.156036657303371 1.25493092558463 -0.296855592622026 -0.973562490936024 -1.44269889781893 -1.67654801439512 -1.72369052904141 -1.76986388738314 -1.39735543312159 -0.514678123125898 -0.632070296171158 -1.05779879647449 -1.31858493872484 -1.52038833143943 -1.34621491311958 -0.833094154706279 1.23612397116559
 -2.00963663315648 -2.35034205740492 -2.13597814549459 -1.56975799516661 -1.34480830735894 -0.880275413657884 -0.227773972399952 -1.12192309709100 -1.91853069105439 -2.58337193148528 -2.81855602062251 -3.08397797661973 -2.99846272344393 -2.54580670120897 1.39808591149324 2.69120589572533 2.98479717083799 0.139178809291634 0.0985962007656022 2.75092104357957 0.0164891571789637 1.72962050888453 0.0385939072292464 0.138760640777655 2.04680831112164 1.24022235267022 1.72202369697606 3.04592995487919 -0.0351320653914400 3.50408821534476 0.0439807291265793 3.39451717037205 0.0996340642852926 -0.726843587216524 1.14492180565695 -1.01766208718293 -0.882537820174165 -0.667231248136803 0.146691852802575 1.45533252689156 1.08820851840303
 -0.315072586002218 -0.509116953309554 -0.583536469979150 -0.589126035021498 -0.562257661106344 -0.456793221334728 -0.344260200447084 -0.302307617862517 -0.240606153000678 -0.135860286335643 0.0246807001378133 0.0102991738467452 -0.285330224085555 -0.699636155560694 -0.527106539632101 -0.271620809398311 2.29194560510220 0.458655462824312 0.352836951153651 0.297451035520709 -0.281160373563963 -0.664860129924165 -0.962872178683931 -1.09226071191545 -1.04862798991966 -1.11830686102868 -0.960170678661552 -0.531076620345406 -0.0726538485734208 -0.207500095384152 3.45311021679367 -0.116892562087810 -0.407245686985092 -0.367329734907814 -0.210142131973544 0.0252412108516127 0.125272900204741 -0.135597092682626 6.97395507684724 -0.00801348771095470 -0.00610728411163528
 0.0128545836056186 0.152829525535315 0.252403766135830 0.343637399550227 0.446771739023648 0.533092796615501 0.572543424135604 0.540091222903472 0.507723756428183 0.408046037455492 0.308419920301294 0.239438916043546 0.215164282576000 0.195198824396116 0.116352972634024 0.0286749121996406 -0.0593932277891040 -0.152295584458475 -0.242420677617521 -0.319559219024916 -0.374914868231570 -0.406669519638027 -0.414953324407532 -0.408778104279762 -0.391927792516284 -0.352604420878322 -0.326483528808813 -0.286317152387022 -0.223428183967275 -0.168077331131399 -0.0971101852919469 -0.0450339684429985 -0.0283920374348869 -0.0515995736422831 -0.0649808277346299 -0.111418342971388 -0.117686492045646 -0.125110860873186 -0.0659641823172437 -0.0258929349090837 -0.0122317551294126
# ln_recsigma:
 -0.693147181000000 -0.693147181000000 -0.693147181000000 -2.30258509300000
# avg_F:
 -0.693147181000000 -0.693147181000000
# F_devs:
 0.00000000000000 0.00000000000000 0.00000000000000 0.00000000000000 0.00000000000000 0.00000000000000 0.00000000000000 0.00000000000000 0.00000000000000 0.00000000000000 0.00000000000000 0.00000000000000 0.00000000000000 0.00000000000000 0.00000000000000 0.00000000000000 0.00000000000000 0.00000000000000 0.00000000000000 0.00000000000000 -0.900000000000000 -0.900000000000000 -0.900000000000000 -0.900000000000000 -0.900000000000000 -0.900000000000000 -0.900000000000000 -0.900000000000000 -0.900000000000000 -0.900000000000000 -0.900000000000000 -0.900000000000000 -0.900000000000000 -0.900000000000000 -0.900000000000000 -0.900000000000000 -0.900000000000000 -0.900000000000000 -0.900000000000000 -0.900000000000000 -0.900000000000000 -0.900000000000000
 0.00000000000000 0.00000000000000 0.00000000000000 0.00000000000000 0.00000000000000 0.00000000000000 0.00000000000000 0.00000000000000 0.00000000000000 0.00000000000000 0.00000000000000 0.00000000000000 0.00000000000000 0.00000000000000 0.00000000000000 0.00000000000000 0.00000000000000 0.00000000000000 0.00000000000000 0.00000000000000 0.00000000000000 0.00000000000000 0.00000000000000 0.00000000000000 0.00000000000000 0.00000000000000 0.00000000000000 0.00000000000000 0.00000000000000 0.00000000000000 0.00000000000000 0.00000000000000 0.00000000000000 0.00000000000000 0.00000000000000 0.00000000000000 0.00000000000000 0.00000000000000 0.00000000000000 0.00000000000000 0.00000000000000 0.00000000000000
# logit_vuln:
 2.00000000000000 2.00000000000000 2.00000000000000 2.00000000000000 2.00000000000000 2.00000000000000 2.00000000000000 2.00000000000000 2.00000000000000 2.00000000000000
# fishsel_pars:
 3.89967874100123 4.08264520513952
 2.73853399573563 2.04361433534700
# ln_fishery_q:
 -1.38629436100000 0.405465108000000
# ln_survey_q:
 -1.55504061162711 -5.69028294133309 -6.55435559932491 0.394568396613884
 -1.06546418166435 -5.69401045363393 -5.14869855295581 -1.96755797361680
# survey_selpars:
 2.86685952076823 39.8799731797924
 1.21752311511167 -30.4782877839861
# ln_M1ann:
 -2.30258509299405 -2.30258509299405 -2.30258509299405 -2.30258509299405
# ln_otherFood_base:
21.0000000000
# otherFood_dev:
 0.00000000000 0.00000000000 0.00000000000
