# This file was created using create_datpin_files.R function write_tsDatFile
      #and used all inputs from csv files found in folder:
      #hydradata/data-raw
# Survey index data 
# Number of observations, init_int Nsurvey_obs
  329
# init_matrix obs_survey_biomass(1,Nsurvey_obs,1,5)
# survey year spp value cv
  1 1 4 89247.1185440485 0.212720515437525
  2 1 4 9995.14704257557 0.25363203301826
  1 2 4 111134.584707912 0.222168779300385
  2 2 4 11753.7404041336 0.187773345626693
  1 3 4 30623.6535432931 0.394113240257454
  2 3 4 50308.6996081401 0.423618201694685
  1 4 4 138845.649606292 0.310035034727007
  2 4 4 157535.719676421 0.327069686277164
  1 5 4 67295.7069708245 0.378629084128514
  2 5 4 25320.0321498057 0.391316523019912
  1 6 4 228706.203712658 0.494427832556011
  2 6 4 25772.3227944115 0.376280830351703
  1 7 4 162479.022955553 0.759062286891916
  2 7 4 28108.9661832863 0.665352569827422
  1 8 4 176197.595310639 0.383150869515862
  2 8 4 50443.7609690004 0.433685089735353
  1 9 4 167405.038122172 0.48934963094834
  2 9 4 58373.2972773368 0.392371299771634
  1 10 4 142219.509814725 0.382452035825211
  2 10 4 95540.9473613959 0.333798529002863
  1 11 4 140316.00665903 0.566792532611316
  2 11 4 141665.185286119 0.868042030585988
  1 12 4 73534.8702842718 0.381518572031255
  2 12 4 28103.977588114 0.445144789260538
  1 13 4 325835.394391031 0.438380584739347
  2 13 4 332752.009623757 0.947226139495183
  1 14 4 160546.428613499 0.482345652338289
  2 14 4 69665.2066534316 0.377075764230608
  1 15 4 356504.711580177 0.420835086749712
  2 15 4 94275.9809585205 0.614716212748607
  1 16 4 142314.492397869 0.515165860253858
  2 16 4 131338.500899175 0.704031323768783
  1 17 4 55559.0898928084 0.559532625975744
  2 17 4 59570.343507244 0.319774204956139
  1 18 4 95967.9017595028 0.479008946214672
  2 18 4 52551.8978841428 0.41351869139049
  1 19 4 103830.299998693 0.429419179801904
  2 19 4 86399.3072566897 0.387615780132326
  1 20 4 130608.596037117 0.477074256852948
  2 20 4 95588.5241927834 0.315868813200741
  1 21 4 344527.484984134 0.410621521476155
  2 21 4 106123.846677794 0.630050999524052
  1 22 4 151939.013281378 0.294672690077384
  2 22 4 87016.7181115442 0.335469505128288
  1 23 4 80397.501997021 0.477447511398437
  2 23 4 12762.3378619233 0.407625761955908
  1 24 4 259418.839097941 0.384568504019134
  2 24 4 7953.11490178497 0.43049173366256
  1 25 4 127568.447497014 0.333261603198005
  2 25 4 126597.562113206 0.843960441627036
  1 26 4 165479.195767379 0.685474246042822
  2 26 4 25036.6737635146 0.429620783824035
  1 27 4 118164.387969953 0.286882992344226
  2 27 4 5456.86368593668 0.81343687860715
  1 28 4 500351.971056598 0.371822434434906
  2 28 4 15257.4249545669 0.53327636373572
  1 29 4 265122.951092755 0.592639130460935
  2 29 4 15651.6250150368 0.590339711107796
  1 30 4 210241.829342584 0.374062101432949
  2 30 4 4942.25388294298 0.701775131617819
  1 31 4 235384.502561004 0.304499664309564
  2 31 4 1121.73881210345 0.210828956182955
  1 32 4 115137.251336203 0.233962995093855
  2 32 4 1435.20564555612 0.329779252894958
  1 33 4 170784.216719193 0.270006842918168
  2 33 4 859.096280564145 0.460124990024536
  1 34 4 128129.745302278 0.350007507053818
  2 34 4 6538.74950438044 0.837656243552001
  1 35 4 778185.884181539 0.34274593698132
  2 35 4 1785.85003907818 0.291986952078346
  1 36 4 339907.802016813 0.261906583866089
  2 36 4 1600.77546903312 0.425399553458769
  1 37 4 173454.512434939 0.417429035160016
  2 37 4 128723.56068924 0.287702894520317
  1 38 4 153832.634420754 0.441211421515246
  2 38 4 2123.51171333678 0.866971810340233
  1 39 4 182687.977090179 0.495234601454268
  2 39 4 130235.324712589 0.556663444153977
  1 40 4 105777.312044068 0.237858203733512
  2 40 4 282.74567698493 0.295404104464232
  1 41 4 172195.371940695 0.327346172729995
  2 41 4 46056.3777245781 0.994030515469621
  1 42 4 339645.544605645 0.368315456462939
  2 42 4 322.441388400242 0.461505384764764
  1 1 2 95.1996792087935 0.601375663623589
  2 1 2 915.539083612967 0.565196579518992
  2 2 2 1225.03548503594 0.686052062200317
  2 3 2 1004.45444664841 0.378997614818957
  1 4 2 4.3011903256985 1
  2 4 2 1192.06224820756 0.459316778181236
  1 5 2 47.0442691873274 0.611089023955187
  2 5 2 74.1955331182991 0.780615956536472
  1 6 2 12.1160290864746 0.702037850017464
  2 6 2 28.6746021713233 0.461790555986525
  1 7 2 120.51644390846 0.948289691951521
  2 7 2 575.456057273818 0.685175011742778
  1 8 2 33.4806270422916 0.544380631361087
  2 8 2 674.067140594541 0.424096495665332
  1 9 2 383.074763382523 0.5393131982084
  2 9 2 1019.99656295136 0.454629127333952
  1 10 2 2196.21384812181 0.88095039530815
  2 10 2 227.94289388021 0.419344308350161
  1 11 2 8495.45840601241 0.799987970388403
  2 11 2 221.384796175658 0.839124360078806
  1 12 2 556.243167351102 0.774991903603438
  2 12 2 123.390397468476 0.424721667998453
  1 13 2 1744.07455287715 0.863215133786584
  2 13 2 360.126935451665 0.387073469025502
  1 14 2 125.065380239541 0.704083892007286
  2 14 2 767.175947183678 0.312793018147624
  1 15 2 7647.29582522908 0.457459057188701
  2 15 2 2801.64965477192 0.459652287866146
  1 16 2 6350.97634028919 0.853197309912465
  2 16 2 10124.3403051057 0.628928805514438
  1 17 2 3174.68809753937 0.61116783920211
  2 17 2 3540.82052343361 0.3895964128798
  1 18 2 10663.1001955003 0.416775375911518
  2 18 2 3213.37605284989 0.495180348393774
  1 19 2 9605.99172739332 0.69077510766454
  2 19 2 2544.30200218567 0.347120352110889
  1 20 2 10369.2421675418 0.793751288508348
  2 20 2 3968.82561871271 0.526946514998015
  1 21 2 3087.86947262833 0.339376634127756
  2 21 2 6396.14820075265 0.609998621037514
  1 22 2 2223.35161611977 0.601950919776798
  2 22 2 5332.62004559237 0.389299707202565
  1 23 2 4976.78133140165 0.658556209578282
  2 23 2 6447.5056971789 0.288585466763824
  1 24 2 1957.2180572831 0.637453135075156
  2 24 2 5742.43146811701 0.480513100150493
  1 25 2 188.974187891759 0.510473149998029
  2 25 2 3117.80293530775 0.338488147626423
  1 26 2 4562.41160684256 0.548437091427541
  2 26 2 312.02044332396 0.345955330423839
  1 27 2 2312.96509764437 0.492912195981742
  2 27 2 1157.75878585064 0.33164245084141
  1 28 2 2539.6281982781 0.747597319880804
  2 28 2 444.56662058694 0.447853531697379
  1 29 2 46.0097025748961 0.451616070879294
  2 29 2 533.62578682559 0.305275882623724
  1 30 2 4270.05790048392 0.797269558848634
  2 30 2 1129.3883082478 0.605264936420634
  1 31 2 1073.11905645447 0.666772556553203
  2 31 2 1105.01841908058 0.359836468902791
  1 32 2 21976.445268133 0.96787270074405
  2 32 2 394.636383090269 0.422601396160012
  1 33 2 5153.12756769013 0.404694020855087
  2 33 2 2611.19396548494 0.465820030674526
  1 34 2 6223.12391738669 0.814873375751391
  2 34 2 6766.85972376814 0.505954372112585
  1 35 2 5303.76399950878 0.533219898766676
  2 35 2 3502.42864173561 0.287403659199158
  1 36 2 62.8684525554518 0.371953858881132
  2 36 2 3810.93859540449 0.365560779244073
  1 37 2 2377.63516360302 0.791301167226987
  2 37 2 5268.03698270193 0.487536998609889
  1 38 2 1075.29254549168 0.633364993316759
  2 38 2 3619.61120520853 0.644823084547079
  1 39 2 48616.4559445147 0.827253682697507
  2 39 2 637.252220074096 0.354235596542703
  1 40 2 5963.38778944586 0.900216415173481
  2 40 2 1459.73606960104 0.395846441583114
  1 41 2 2488.62186422058 0.957770995377006
  2 41 2 186.147429137275 0.496084887173497
  1 42 2 1680.83410548272 0.55870584954739
  2 42 2 1944.30492145197 0.604660139936764
  1 1 1 29249.0920909054 0.241799049430762
  2 1 1 51735.2088021102 0.250018379470286
  1 2 1 24443.4586661377 0.142636213550947
  2 2 1 25343.9213518919 0.163647146277456
  1 3 1 13085.8215935118 0.225478190042395
  2 3 1 27835.0155546674 0.192013183632222
  1 4 1 22579.6040046176 0.323579734794357
  2 4 1 35265.57333544 0.162432383538487
  1 5 1 5959.03037185992 0.320666395151501
  2 5 1 107473.036195042 0.822390366318268
  1 6 1 16876.7803954231 0.452044832991261
  2 6 1 36080.596492698 0.192408532269243
  1 7 1 14996.1935746853 0.28209645893665
  2 7 1 30528.4348418379 0.262097825842625
  1 8 1 4824.13833445256 0.414010381101596
  2 8 1 30251.7052907461 0.189959250209439
  1 9 1 5353.01057659536 0.40638853202345
  2 9 1 23504.9810370076 0.178404315527443
  1 10 1 7559.66784516706 0.290993157294119
  2 10 1 15258.200069761 0.156753980046499
  1 11 1 12211.0064331271 0.324615016521962
  2 11 1 23515.2822071154 0.174348711952217
  1 12 1 7773.4640747829 0.294780938380682
  2 12 1 13229.2517320695 0.195232854572048
  1 13 1 17138.9065914559 0.440402569626277
  2 13 1 15889.1835890838 0.185762358850192
  1 14 1 2463.5674168561 0.372421878022742
  2 14 1 12703.1963328317 0.151581173531864
  1 15 1 5543.02117357966 0.341871348717721
  2 15 1 9204.07722154936 0.233364310094868
  1 16 1 2521.57282844075 0.416897355424411
  2 16 1 10428.7322358474 0.283802183917676
  1 17 1 5992.99185380658 0.500820840736393
  2 17 1 2080.29758346362 0.495024013362717
  1 18 1 6661.49526562161 0.389853340834037
  2 18 1 9137.18473951295 0.390988792530431
  1 19 1 3377.95502851574 0.293941849282161
  2 19 1 12150.293729579 0.322403741112933
  1 20 1 5041.24807291427 0.525509720403112
  2 20 1 5567.65192159862 0.218361153170241
  1 21 1 6712.85276204786 0.266433769579894
  2 21 1 17838.1704253844 0.421115605185845
  1 22 1 3278.32018854234 0.374831371194202
  2 22 1 6162.89957115009 0.227391091044855
  1 23 1 2648.05606415478 0.352011231642473
  2 23 1 12800.855984243 0.384269029090844
  1 24 1 5288.03778811774 0.34725908523047
  2 24 1 4861.99278771632 0.331291933735556
  1 25 1 25990.9161955696 0.578696888706846
  2 25 1 5957.86546614671 0.247394190789157
  1 26 1 5571.62726417237 0.459728456052307
  2 26 1 5256.30861705718 0.394189312610479
  1 27 1 8758.19337937206 0.539982548576019
  2 27 1 39416.8250097554 0.72948972943007
  1 28 1 3472.7083125157 0.364309332200766
  2 28 1 5531.35281623456 0.278656828353639
  1 29 1 3621.19261706426 0.562793580097325
  2 29 1 10010.710198189 0.316141323613091
  1 30 1 1782.59202173624 0.420348818797864
  2 30 1 9185.74122673957 0.30511736182771
  1 31 1 4710.84611944609 0.403753427903273
  2 31 1 7012.35458626593 0.278331587636247
  1 32 1 5965.90590139782 0.491331418922754
  2 32 1 5783.50997110856 0.329726795744574
  1 33 1 4155.7920494161 0.537081122476055
  2 33 1 5677.2471498794 0.33086845072982
  1 34 1 5567.4869353951 0.379030815152119
  2 34 1 2506.50268374566 0.278881417082292
  1 35 1 1932.57719532591 0.519511456600017
  2 35 1 4662.98415626804 0.27351876283918
  1 36 1 2611.54241750034 0.556056214854877
  2 36 1 10800.8116289327 0.714061811185508
  1 37 1 1618.35984068454 0.588197671943964
  2 37 1 3990.36920781888 0.340315242626747
  1 38 1 5304.96299777087 0.324588369174256
  2 38 1 2417.76674998803 0.300199803594678
  1 39 1 7997.44695147165 0.501841796783066
  2 39 1 8415.57558748567 0.438397059851219
  1 40 1 1617.59478059736 0.403101009292275
  2 40 1 13891.6711501451 0.410378233550251
  1 41 1 2355.40214094993 0.478602624152216
  2 41 1 3730.17980945555 0.362128776577143
  1 42 1 2753.69191816937 0.646634922078809
  2 42 1 8501.59526170914 0.816170985475773
  1 1 3 528.887106715519 0.499484636786782
  1 2 3 175.815079006654 0.358153914340203
  2 2 3 111.874394835087 0.577110518633802
  1 3 3 148.205808975379 0.678339172154909
  2 3 3 180.481319548917 0.738121970739642
  1 4 3 9.95645908726505 1
  2 4 3 482.829698325959 0.52056341701904
  1 5 3 82.8875219014815 0.693225535250834
  2 5 3 1.99129181745301 1
  1 6 3 14.1353672675538 1
  2 6 3 190.481285852362 0.48452157876779
  1 7 3 22.8565669481563 0.912293822979085
  1 8 3 22.2127199918702 0.655734850091527
  2 8 3 4769.82748058804 0.750382084373246
  1 9 3 58.2452856605005 0.670809892238012
  2 9 3 36.8673456488443 0.47273108889926
  1 10 3 19.5508651168114 0.631102684426709
  2 10 3 121.160290864747 0.919260399745188
  1 11 3 21.8704592832127 0.496475444687371
  1 12 3 6.61721588569 0.740682868109632
  2 12 3 11.2010164731732 1
  1 13 3 34.8745161543122 0.360862225436052
  1 14 3 2580.7141954191 0.547901331396328
  2 14 3 82.5480971598702 0.478873954421528
  1 15 3 1360.94073382358 0.429608216382601
  2 15 3 25.8541494987342 0.654713783069401
  1 16 3 665.340378506487 0.69118921143411
  2 16 3 3412.27765838748 0.8614889831113
  1 17 3 421.926289092329 0.426971754606328
  2 17 3 1254.5138449954 0.572182042928152
  1 18 3 656.947975119124 0.505524319387353
  2 18 3 279.918735481966 0.488492827246527
  1 19 3 688.624915781023 0.644591984223249
  2 19 3 1269.87523901575 0.51925665989311
  1 20 3 9293.94458611715 0.899065435378594
  2 20 3 3206.34187915706 0.59569628754064
  1 21 3 1286.0773063407 0.543826822033971
  2 21 3 1388.7922991932 0.466111862829518
  1 22 3 2612.81263068551 0.88174616562504
  2 22 3 5187.10713905133 0.568444982816852
  1 23 3 621.283047045339 0.408104676406013
  2 23 3 15890.8653525558 0.357346049869971
  1 24 3 3843.34515856761 0.92608255019157
  2 24 3 35285.2749144398 0.539541007788685
  1 25 3 41.7707637600173 0.648664057223823
  2 25 3 952.377626648023 0.576168087832409
  1 26 3 5777.51959703585 0.695927823776047
  2 26 3 201.035843660512 0.549529982814455
  1 27 3 692.175378442922 0.708713243925404
  2 27 3 25.6768028534123 0.496269825160911
  1 28 3 12.8821720202512 0.489543853646182
  1 29 3 3.07227880407036 0.703511357168505
  2 29 3 47.1633008847736 0.875017095315649
  1 30 3 395.355732405006 0.631659802692532
  2 30 3 9583.64788154554 0.908152223575802
  1 31 3 219.155888023686 0.626570332091694
  2 31 3 142.946766770286 0.712465807947941
  1 32 3 1468.39318873053 0.661895735249442
  2 32 3 2989.95494622366 0.86012943797605
  1 33 3 72.6057473332196 0.783155911787346
  2 33 3 2219.73323424653 0.598390099709208
  1 34 3 314.810973251882 0.542775440757204
  2 34 3 1360.93285250276 0.743173480285892
  1 35 3 1437.23727615072 0.870542376054271
  2 35 3 12465.0628506536 0.446478967244395
  1 36 3 35.3257003708162 0.492193512682958
  2 36 3 4579.25745547617 0.490110041691513
  1 37 3 4342.21287299398 0.909630520329322
  2 37 3 1576.37531143996 0.433872317628348
  1 38 3 5799.9953631239 0.644773009949607
  2 38 3 16619.543888649 0.484949159815328
  1 39 3 8680.14221168715 0.515045488987725
  2 39 3 8752.93996176881 0.388710136036013
  1 40 3 9588.82586042962 0.442573167063876
  2 40 3 25704.0939791068 0.395139923022642
  1 41 3 621.457262823027 0.88587618368699
  2 41 3 2861.89815873129 0.537531419606343
  1 42 3 19155.4702259489 0.983269433580366
  2 42 3 9683.32547590089 0.849696423298534
# end survey index observations 
#  
# Survey size comp data 
# Number of observations, init_int Nsurvey_size_obs 
  329
# init_matrix obs_survey_size(1,Nsurvey_size_obs,1,ncol) 
# Survey  Year  Species Type (0=whole, 1=retained, 2=discard) InpN, proportion by length bin 
  1 1 1 0 57 0.0126622481131997 0.12763856535117 0.675947937325155 0.183751249210475 0
  1 2 1 0 65 0.00462980513738121 0.0828726159122756 0.758539498778964 0.153958080171379 0
  1 3 1 0 32 0.00725571073642569 0.158242677151426 0.834501612112148 0 0
  1 4 1 0 32 0.0278005746232336 0.155967532217295 0.559890841567554 0.256341051591918 0
  1 5 1 0 21 0.00812872995520096 0.309111380221937 0.387958873533742 0.29480101628912 0
  1 6 1 0 18 0.00517066851360105 0.279412383246361 0.715416948240038 0 0
  1 7 1 0 25 0.0298359449320625 0.10694840821113 0.863215646856808 0 0
  1 8 1 0 20 0.0179127273509514 0.049648822776505 0.932438449872544 0 0
  1 9 1 0 16 0.0139793125083261 0.475073162556242 0.510947524935432 0 0
  1 10 1 0 19 0.00143169694222656 0.277363498483316 0.13277082389038 0 0.588433980684077
  1 11 1 0 20 0.0156922118043712 0.287041104025009 0.697266684170619 0 0
  1 12 1 0 22 0.0181909414884577 0.249210233112747 0.313613665732345 0.41898515966645 0
  1 13 1 0 23 0.0128838038375248 0.368020321946744 0.341198273638756 0.277897600576975 0
  1 14 1 0 14 0.00916368878732574 0.193054767418677 0.797781543793997 0 0
  1 15 1 0 21 0.0189144952451581 0.631362105838774 0.349723398916068 0 0
  1 16 1 0 14 0.00786934206391625 0.135938184035173 0.856192473900911 0 0
  1 17 1 0 17 0.00893956537655163 0.612740856600885 0.378319578022563 0 0
  1 18 1 0 19 0.00999480514596129 0.311865187661164 0.678140007192875 0 0
  1 19 1 0 18 0.00297354457743381 0.335381203267858 0.661645252154709 0 0
  1 20 1 0 15 0.0125389432822555 0.641699128849546 0.345761927868198 0 0
  1 21 1 0 21 0.000476907706285221 0.89729279416603 0.102230298127684 0 0
  1 22 1 0 13 0.0048593261549149 0.200583535949983 0.794557137895103 0 0
  1 23 1 0 14 0.0114707274976707 0.254299613569367 0.734229658932963 0 0
  1 24 1 0 14 0.0125652348454436 0.748806815647442 0.238627949507114 0 0
  1 25 1 0 18 0.00898721848588217 0.190474102316736 0.800538679197382 0 0
  1 26 1 0 14 0.0019051797073293 0.255259612070316 0.742835208222354 0 0
  1 27 1 0 23 0.112083565115273 0.290024105321713 0.597892329563014 0 0
  1 28 1 0 14 0.0171866516309569 0.524147628395216 0.458665719973827 0 0
  1 29 1 0 17 0.0346654303347217 0.965334569665278 0 0 0
  1 30 1 0 18 0.0159840865572308 0.431611236080385 0.552404677362384 0 0
  1 31 1 0 20 0.0147669985208979 0.452533176843644 0.532699824635458 0 0
  1 32 1 0 10 0.0269161531537769 0.973083846846223 0 0 0
  1 33 1 0 15 0.004333747428874 0.17479991039244 0.820866342178686 0 0
  1 34 1 0 18 0.0332897532828616 0.146668828777698 0.424263615387474 0.395777802551967 0
  1 35 1 0 8 0.000542870657034744 0.288318068455452 0.289473684210526 0.421665376676987 0
  1 36 1 0 12 0.0140477505965886 0.850188674809268 0.135763574594143 0 0
  1 37 1 0 8 0.0450957050217725 0.954904294978227 0 0 0
  1 38 1 0 16 0.00389241198338071 0.996107588016619 0 0 0
  1 39 1 0 10 0.00184016183674962 0.99815983816325 0 0 0
  1 40 1 0 10 0.0064043882326232 0.256721128988553 0.736874482778823 0 0
  1 41 1 0 13 0.00418252315645868 0.787804265096575 0.208013211746966 0 0
  1 42 1 0 8 0.18677384914903 0.81322615085097 0 0 0
  1 1 2 0 11 0 0.00847830874256772 0.0289583792116274 0.962563312045805 0
  1 4 2 0 1 0 0 0 1 0
  1 5 2 0 5 0 0 0 1 0
  1 6 2 0 1 0 0 1 0 0
  1 7 2 0 3 0 0 0 1 0
  1 8 2 0 4 0 0 0 1 0
  1 9 2 0 5 0 0 0.52032967032967 0.47967032967033 0
  1 10 2 0 10 0 0.0253553434645476 0.919141441035514 0.0555032154999386 0
  1 11 2 0 13 0 0.079015873015873 0.253269841269841 0.667714285714286 0
  1 12 2 0 15 0 0.118048923822816 0.527326819951517 0.354624256225667 0
  1 13 2 0 9 0 0 0.389348261517128 0.610651738482872 0
  1 14 2 0 6 0 0.0373129950132004 0.135934291581109 0.826752713405691 0
  1 15 2 0 13 0 0.0534802404849948 0.74849696878223 0.198022790732775 0
  1 16 2 0 10 0 0 0.98759458318449 0.01240541681551 0
  1 17 2 0 10 0 0.0601871726624882 0.457857531266993 0.481955296070519 0
  1 18 2 0 18 0 0.488789879578435 0.483690303648433 0.0275198167731315 0
  1 19 2 0 27 0 0.0246724759010686 0.748707009317583 0.226620514781349 0
  1 20 2 0 23 0 0 0.914515912847931 0.0854840871520693 0
  1 21 2 0 25 0 0 0.72744671492933 0.27255328507067 0
  1 22 2 0 9 0 0.0117824683975251 0.740134403031469 0.248083128571006 0
  1 23 2 0 8 0 0 0.907140939173287 0.0928590608267126 0
  1 24 2 0 9 0 0.0105928853754941 0.743841897233202 0.245565217391304 0
  1 25 2 0 14 0 0.16972085772274 0.079624672765244 0.750654469512016 0
  1 26 2 0 18 0 0.726373710522573 0.273626289477427 0 0
  1 27 2 0 16 0.000952303213343128 0.00345550023127364 0.795445269773896 0.200146926781487 0
  1 28 2 0 6 0 0.0391890780491817 0.853606382103791 0.107204539847027 0
  1 29 2 0 8 0.00374131480491716 0 0.499910921076073 0.496347764119009 0
  1 30 2 0 17 0 0 0.632394924662966 0.367605075337034 0
  1 31 2 0 9 0 0 0.652599620493359 0.347400379506641 0
  1 32 2 0 30 0 0.0406974860405589 0.94848597215672 0.010816541802721 0
  1 33 2 0 24 0 0.0283641235849164 0.971635876415084 0 0
  1 34 2 0 25 0 0.00306089649932792 0.99418648822395 0.00275261527672258 0
  1 35 2 0 16 0 0.0061038704351769 0.956935740777342 0.0369603887874807 0
  1 36 2 0 13 0 0.0766998341625207 0.521440416962805 0.401859748874674 0
  1 37 2 0 8 0 0 1 0 0
  1 38 2 0 10 0 0 0.680453378956373 0.319546621043627 0
  1 39 2 0 13 0 0 1 0 0
  1 40 2 0 8 0 0 0.665778394487456 0.334221605512544 0
  1 41 2 0 5 0 0 0.277500290393774 0.722499709606226 0
  1 42 2 0 17 0 0.716833263653985 0.283166736346015 0 0
  1 1 3 0 27 0 0.28790155173007 0.214753477916805 0.497344970353125 0
  1 2 3 0 13 0 0 0.525861611642588 0.474138388357412 0
  1 3 3 0 5 0 0 0.486171899777989 0.513828100222011 0
  1 4 3 0 2 0.0237340041561851 0 0.976265995843815 0 0
  1 5 3 0 5 0 0.0568226375637172 0.683603450529343 0.25957391190694 0
  1 6 3 0 1 0 0 1 0 0
  1 7 3 0 3 0 0.267798897761782 0.732201102238218 0 0
  1 8 3 0 3 0 0.266701974729515 0.733298025270485 0 0
  1 9 3 0 4 0 1 0 0 0
  1 10 3 0 4 0 0.38740959894806 0.61259040105194 0 0
  1 11 3 0 4 0 0.0705468500159898 0.92945314998401 0 0
  1 12 3 0 2 0 0.528331822302811 0.471668177697189 0 0
  1 13 3 0 8 0 0.366038882138518 0.633961117861482 0 0
  1 14 3 0 19 0 0.808730543376577 0.191269456623423 0 0
  1 15 3 0 15 0 0.0452281261131842 0.954771873886816 0 0
  1 16 3 0 12 0 0.318077989884157 0.681922010115843 0 0
  1 17 3 0 14 0 0.0804426622773994 0.919557337722601 0 0
  1 18 3 0 14 0 0.717563047997831 0.282436952002169 0 0
  1 19 3 0 15 0 0.698671831765357 0.301328168234643 0 0
  1 20 3 0 17 0 0.00467500160837211 0.995324998391628 0 0
  1 21 3 0 12 0 0.94247479328522 0.0575252067147796 0 0
  1 22 3 0 11 0 0.0316418628906093 0.968358137109391 0 0
  1 23 3 0 16 0 0.388210489326188 0.611789510673812 0 0
  1 24 3 0 15 0 0.184560499084762 0.815439500915238 0 0
  1 25 3 0 4 0 0.538258058195356 0.461741941804644 0 0
  1 26 3 0 14 0 0.924385714285714 0.0756142857142857 0 0
  1 27 3 0 6 0 0.412602371348246 0.587397628651754 0 0
  1 28 3 0 4 0 0.322635857937527 0.677364142062473 0 0
  1 29 3 0 2 0 1 0 0 0
  1 30 3 0 10 0 1 0 0 0
  1 31 3 0 9 0 0 1 0 0
  1 32 3 0 12 0 0.126688293458935 0.873311706541065 0 0
  1 33 3 0 5 0 0.75043218607575 0.24956781392425 0 0
  1 34 3 0 9 0 0.406268973891925 0.593731026108075 0 0
  1 35 3 0 5 0 0.073639982308713 0.926360017691287 0 0
  1 36 3 0 5 0 0.188861788617886 0.811138211382114 0 0
  1 37 3 0 3 0 0 1 0 0
  1 38 3 0 15 0 0.00370743054785034 0.99629256945215 0 0
  1 39 3 0 12 0 0.0218017539197449 0.978198246080255 0 0
  1 40 3 0 9 0 0.849274109511178 0.150725890488822 0 0
  1 41 3 0 8 0 0.145981589084024 0.854018410915976 0 0
  1 42 3 0 12 0 0.107677516824612 0.892322483175388 0 0
  1 1 4 0 86 0.00153802087813713 0.345522487528986 0.566151440701118 0.0867880508917591 0
  1 2 4 0 100 0.0232302860856445 0.187614567907178 0.615071467571344 0.174083678435834 0
  1 3 4 0 33 0.00572115587359049 0.173316542235592 0.718836486074166 0.102125815816652 0
  1 4 4 0 44 0 0.546466927462368 0.396646808798712 0.0568862637389206 0
  1 5 4 0 34 0.0322080391201196 0.379695159529689 0.48912938399507 0.0989674173551222 0
  1 6 4 0 40 0.00133446588344602 0.610578868224151 0.285674379697293 0.10241228619511 0
  1 7 4 0 39 0.02104748493807 0.302973682030727 0.364591434839881 0.311387398191322 0
  1 8 4 0 49 0.0168299140561503 0.47796347146081 0.410577063768478 0.0946295507145611 0
  1 9 4 0 36 0.0168993237653374 0.466617910695151 0.461520343017161 0.0549624225223509 0
  1 10 4 0 43 0.0228798542578024 0.592192542921816 0.351169295177752 0.0337583076426296 0
  1 11 4 0 41 0.0324274000464581 0.569464030625776 0.398108569327766 0 0
  1 12 4 0 35 0.0358712738984884 0.569337164863857 0.322202164908698 0.0725893963289565 0
  1 13 4 0 32 0.0116676788058064 0.268055909260094 0.681386761220052 0.0388896507140478 0
  1 14 4 0 21 0.00628483630003759 0.394910018143481 0.598805145556482 0 0
  1 15 4 0 30 0.0084542445409848 0.559032664283642 0.393891903307878 0.0386211878674954 0
  1 16 4 0 19 0 0.262087293077624 0.655370731367086 0.0825419755552902 0
  1 17 4 0 35 0.0019685985116002 0.486452823299366 0.441293966167491 0.0702846120215429 0
  1 18 4 0 27 0 0.44521001817682 0.55478998182318 0 0
  1 19 4 0 34 0 0.739773462665292 0.260226537334708 0 0
  1 20 4 0 42 0 0.645640093186283 0.354359906813717 0 0
  1 21 4 0 41 0.00279350698376746 0.736463496896447 0.260742996119785 0 0
  1 22 4 0 44 0 0.59601639082119 0.40398360917881 0 0
  1 23 4 0 28 0 0.405156633889207 0.594843366110793 0 0
  1 24 4 0 34 0 0.562710295338404 0.437289704661596 0 0
  1 25 4 0 36 0 0.227071487185805 0.772928512814195 0 0
  1 26 4 0 31 0 0.0533078816636592 0.946692118336341 0 0
  1 27 4 0 39 0 0.131113122913008 0.83179699655163 0.0370898805353617 0
  1 28 4 0 38 0.000672381265841139 0.0647462097553668 0.934581408978792 0 0
  1 29 4 0 48 0.000212182106844238 0.079921616703571 0.919866201189585 0 0
  1 30 4 0 38 0.00673054173668316 0.0698594716843532 0.923409986578964 0 0
  1 31 4 0 61 0.00118639658896843 0.20250172474242 0.796311878668612 0 0
  1 32 4 0 48 0.00342369334306943 0.338059856919529 0.658516449737401 0 0
  1 33 4 0 49 0.011372040096759 0.430973362660013 0.557654597243229 0 0
  1 34 4 0 44 0.0956012073522964 0.417354957564353 0.487043835083351 0 0
  1 35 4 0 61 0.0525394012545529 0.730881839246356 0.216578759499091 0 0
  1 36 4 0 67 0.015168926128288 0.916053115802273 0.0687779580694387 0 0
  1 37 4 0 57 0.029267129385686 0.912728255537184 0.0580046150771299 0 0
  1 38 4 0 38 0.00174477709116246 0.761961003803671 0.236294219105166 0 0
  1 39 4 0 52 0.00242258818104134 0.815264019268534 0.182313392550425 0 0
  1 40 4 0 43 0.00624056988121116 0.94072912020682 0.0530303099119689 0 0
  1 41 4 0 42 0 0.85325922130076 0.14674077869924 0 0
  1 42 4 0 61 0.000901778349980935 0.825562724048646 0.173535497601373 0 0
  2 1 1 0 58 0.00799204440423609 0.291761029657769 0.522067475681413 0.178179450256582 0
  2 2 1 0 83 0.0124384068548347 0.248007105020116 0.531645608621538 0.207908879503511 0
  2 3 1 0 63 0.00233293045582362 0.250715005430266 0.475258336009649 0.271693728104261 0
  2 4 1 0 56 0.0429381270545283 0.154713738688952 0.479655445346872 0.322692688909647 0
  2 5 1 0 55 0.0107462423309228 0.185358080954946 0.415649088768228 0.388246587945903 0
  2 6 1 0 45 0.0104165064006325 0.129443505044224 0.556038352675272 0.304101635879872 0
  2 7 1 0 46 0.0153392996573938 0.0737514823820601 0.735772423592129 0.175136794368417 0
  2 8 1 0 56 0.0106663153670787 0.204536835746129 0.592733169589509 0.192063679297283 0
  2 9 1 0 51 0.0213982579916334 0.0983172471170807 0.516031836822855 0.364252658068431 0
  2 10 1 0 44 0.0084481966193286 0.222191401154126 0.562348248151123 0.207012154075422 0
  2 11 1 0 49 0.0220369756114593 0.343908102163021 0.435056126813429 0.198998795412091 0
  2 12 1 0 50 0.0202268775190022 0.232241451173626 0.633591093905926 0.113940577401446 0
  2 13 1 0 48 0.00603665716131835 0.307933852737665 0.686029490101017 0 0
  2 14 1 0 52 0.0251754213156151 0.212065834482512 0.709920661926679 0.0528380822751939 0
  2 15 1 0 31 0.0135250144067616 0.361627056965402 0.624847928627836 0 0
  2 16 1 0 38 0.00390790680814728 0.320171824580482 0.269746467188717 0.406173801422654 0
  2 17 1 0 26 0.0192860195748066 0.224935352971948 0.755778627453245 0 0
  2 18 1 0 33 0.00579072683981897 0.627543212344826 0.366666060815355 0 0
  2 19 1 0 31 0.00648268312581541 0.217204308478229 0.776313008395956 0 0
  2 20 1 0 38 0.0133256191560441 0.251078655765018 0.570326828879301 0.165268896199637 0
  2 21 1 0 30 0.00974201658286437 0.337671905697446 0.502548408311412 0.150037669408278 0
  2 22 1 0 35 0.00806068345338607 0.436477433805692 0.555461882740922 0 0
  2 23 1 0 35 0.0117552727414017 0.393195858809567 0.518056777119605 0.0769920913294267 0
  2 24 1 0 26 0.00933928841230685 0.370195328661336 0.497351703142231 0.123113679784126 0
  2 25 1 0 32 0.00150436106354632 0.382576437377408 0.615919201559046 0 0
  2 26 1 0 26 0.0103291490066855 0.272926435352203 0.716744415641111 0 0
  2 27 1 0 37 0.0609325289154191 0.332782690118215 0.606284780966366 0 0
  2 28 1 0 35 0.0144608176646739 0.364215447779239 0.29397886872393 0.327344865832158 0
  2 29 1 0 33 0.0025561695286218 0.51596525122607 0.481478579245309 0 0
  2 30 1 0 45 0.0223012363403876 0.557170577958987 0.420528185700626 0 0
  2 31 1 0 34 0.00723286032473103 0.593657277327856 0.399109862347413 0 0
  2 32 1 0 36 0.0725949472317449 0.403404007695535 0.52400104507272 0 0
  2 33 1 0 42 0.0148615337416747 0.365160833473054 0.619977632785271 0 0
  2 34 1 0 34 0.0118381570413947 0.349193403045902 0.638968439912704 0 0
  2 35 1 0 35 0.033917905011655 0.572948535839161 0.393133559149184 0 0
  2 36 1 0 28 0.0133909076095812 0.986609092390419 0 0 0
  2 37 1 0 22 0.0541071318117152 0.880837508504979 0.0650553596833055 0 0
  2 38 1 0 32 0.0645730852959962 0.521343227182895 0.414083687521109 0 0
  2 39 1 0 27 0.00578974721315496 0.798147164104151 0.196063088682694 0 0
  2 40 1 0 39 0.015738448955632 0.775824639961057 0.208436911083311 0 0
  2 41 1 0 20 0.0225063654962963 0.110002147396341 0.867491487107363 0 0
  2 42 1 0 30 0.0514373262135654 0.948562673786435 0 0 0
  2 1 2 0 16 0 0.0368715620571209 0.460738392063606 0.502390045879273 0
  2 2 2 0 20 0.00645499524886137 0 0.660703168517972 0.332841836233166 0
  2 3 2 0 34 0 0.0048869133862135 0.400211193241816 0.59490189337197 0
  2 4 2 0 15 0 0.00334152546026818 0.0303396139639834 0.966318860575748 0
  2 5 2 0 4 0 0 0.109499876410975 0.890500123589025 0
  2 6 2 0 7 0 0 0.305767318528339 0.694232681471661 0
  2 7 2 0 18 0 0.0552613059742953 0.672210081854884 0.272528612170821 0
  2 8 2 0 22 0.000743356253484482 0.043888992132813 0.955367651613703 0 0
  2 9 2 0 21 0.00279035158429962 0 0.966546784894897 0.0306628635208036 0
  2 10 2 0 11 0 0.066054753820034 0.74570246179966 0.188242784380306 0
  2 11 2 0 7 0.00143988480921526 0.0979121670266379 0.463762898968083 0.436885049196064 0
  2 12 2 0 19 0 0.261753137291628 0.341075107698071 0.397171755010302 0
  2 13 2 0 32 0.000353127882146685 0.0184291210023847 0.0672604754347627 0.883592432261763 0.0303648434189426
  2 14 2 0 34 0.00304904482529407 0.127062801653131 0.151238403514349 0.718649750007225 0
  2 15 2 0 27 0.000153518450998829 0.435320757613556 0.205810673370306 0.35871505056514 0
  2 16 2 0 42 0.000210899274506496 0.0051258566527674 0.279421453075916 0.71524179099681 0
  2 17 2 0 34 1.21978590317827e-05 0.041053114357368 0.289652800140519 0.669281887643081 0
  2 18 2 0 28 0 0.0452248382096358 0.208092646271697 0.746682515518668 0
  2 19 2 0 26 0 0.270390745228451 0.66638954239117 0.0632197123803796 0
  2 20 2 0 32 0.000450653447498873 0.023369600206013 0.597778002593557 0.378401743752932 0
  2 21 2 0 37 0 0.117382017438501 0.398501561414557 0.484116421146942 0
  2 22 2 0 38 0.00140011707193596 0.0555735733835372 0.203111898622032 0.739914410922495 0
  2 23 2 0 41 0.0073835030279511 0.213764156820294 0.300047997875839 0.478804342275916 0
  2 24 2 0 33 0 0.0218698790139814 0.723370872703183 0.254759248282835 0
  2 25 2 0 45 0.40510391198044 0.0102978130942679 0.452135968486824 0.132462306438468 0
  2 26 2 0 28 0.00203804347826087 0.145656419836957 0.383491847826087 0.468813688858696 0
  2 27 2 0 47 0.00514507422402159 0.449371626180837 0.150598852901484 0.394884446693657 0
  2 28 2 0 22 0.020363345977241 0.181123976841685 0.683819125573967 0.114693551607107 0
  2 29 2 0 40 0.0323680621131046 0.0794774944916588 0.461166194523135 0.426988248872102 0
  2 30 2 0 28 0.00149616607443426 0.10261205660495 0.610809799887787 0.285081977432828 0
  2 31 2 0 32 0.0270952640334477 0 0.50340070958529 0.469504026381262 0
  2 32 2 0 40 0.000207203784922471 0.0297337431363746 0.667576061056049 0.302482992022654 0
  2 33 2 0 43 0 0.841877165670667 0.0594887761763672 0.0986340581529654 0
  2 34 2 0 46 0 0.382203683127197 0.603256889925135 0.0145394269476675 0
  2 35 2 0 60 0.00817345880587794 0.000263393054145889 0.987364028507127 0.00419911963284939 0
  2 36 2 0 49 0 0.870477853176368 0.102775435028541 0.0267467117950914 0
  2 37 2 0 32 0 0.0295345485533077 0.947324428342922 0.0231410231037702 0
  2 38 2 0 30 0 0.0298802254154058 0.631108775617446 0.339010998967148 0
  2 39 2 0 29 0 0.00940001468752295 0.410540745636582 0.580059239675895 0
  2 40 2 0 31 0.00698234349919743 0.0174730566383857 0.472139417564779 0.503405182297638 0
  2 41 2 0 14 0.00298234078527146 0 0.532265639676874 0.464752019537855 0
  2 42 2 0 19 0.00773343517280886 0 0.992266564827191 0 0
  2 2 3 0 3 0 0 1 0 0
  2 3 3 0 3 0 0 0.154344874405974 0.845655125594026 0
  2 4 3 0 7 0 0 0 1 0
  2 5 3 0 1 0 1 0 0 0
  2 6 3 0 14 0 0.0865502450980392 0.913449754901961 0 0
  2 8 3 0 10 0 0.632710088350113 0.367289911649887 0 0
  2 9 3 0 6 0 0.159919897010442 0.840080102989558 0 0
  2 10 3 0 2 0 0 0.391197462331483 0.608802537668517 0
  2 12 3 0 1 0 0 0 1 0
  2 14 3 0 9 0 1 0 0 0
  2 15 3 0 5 0 0.22118026520129 0 0.77881973479871 0
  2 16 3 0 9 0 0 0.740394249841523 0.259605750158477 0
  2 17 3 0 9 0 0.032493649449619 0.30040749364945 0.667098856900931 0
  2 18 3 0 13 0 0.772705707625982 0.227294292374018 0 0
  2 19 3 0 14 0 0.614082975745729 0.385917024254271 0 0
  2 20 3 0 19 0 0.926217021197217 0.0388999085951636 0.0348830702076196 0
  2 21 3 0 20 0 0.600787192641075 0.399212807358924 0 0
  2 22 3 0 23 0 0.746721393532886 0.188891991717205 0.0643866147499091 0
  2 23 3 0 26 0 0.93652687680157 0.0634731231984303 0 0
  2 24 3 0 28 0 0.957869840939807 0.0421301590601934 0 0
  2 25 3 0 20 0 0.321427419094634 0.678572580905366 0 0
  2 26 3 0 7 0 1 0 0 0
  2 27 3 0 5 0 1 0 0 0
  2 29 3 0 6 0 1 0 0 0
  2 30 3 0 14 0 0.607047558250878 0.392952441749122 0 0
  2 31 3 0 7 0 0.0741040249954053 0.925895975004595 0 0
  2 32 3 0 20 0 0.301780347633526 0.698219652366474 0 0
  2 33 3 0 18 0 0.341915911477578 0.658084088522422 0 0
  2 34 3 0 15 0 0.109173775340168 0.890826224659832 0 0
  2 35 3 0 28 0 0.86376217467389 0.13623782532611 0 0
  2 36 3 0 25 0 0.526036633576386 0.473963366423614 0 0
  2 37 3 0 19 0 0.241882008776207 0.758117991223793 0 0
  2 38 3 0 33 0 0.828571428571429 0.171428571428571 0 0
  2 39 3 0 32 0 0.0733868191346108 0.926613180865389 0 0
  2 40 3 0 34 0 0.800190268070757 0.199809731929243 0 0
  2 41 3 0 20 0 0.213324592313366 0.758149635335573 0.0285257723510612 0
  2 42 3 0 27 0 0.424419088864829 0.575580911135171 0 0
  2 1 4 0 44 0.000630215449393601 0.130533987528987 0.703996722487616 0.164839074534003 0
  2 2 4 0 75 0.00267081982650899 0.0627291330882486 0.596144805230084 0.338455241855159 0
  2 3 4 0 66 0.000272755677259151 0.120237337133389 0.398507952727642 0.48098195446171 0
  2 4 4 0 54 0.0366991767405775 0.145979765672025 0.639192189429833 0.178128868157565 0
  2 5 4 0 31 0.00626823005832863 0.0420620685537115 0.447912769336239 0.503756932051721 0
  2 6 4 0 24 0.0312344980188339 0.134585498893635 0.352071219060361 0.48210878402717 0
  2 7 4 0 20 0.00973295267475792 0.291751796176276 0.321636200450115 0.376879050698851 0
  2 8 4 0 25 0.0166610066419732 0.351538078803339 0.233440478917066 0.398360435637622 0
  2 9 4 0 44 0.00377769439470593 0.186418526790828 0.320772075201575 0.489031703612891 0
  2 10 4 0 36 0.0222089667654043 0.242628065306725 0.316964893247645 0.418198074680226 0
  2 11 4 0 22 0.0167643043065934 0.407409587097035 0.575826108596372 0 0
  2 12 4 0 21 0.0602229161574347 0.348470212707554 0.200840216406702 0.390466654728309 0
  2 13 4 0 26 0.00118634259259259 0.590627117208672 0.235017219963866 0.173169320234869 0
  2 14 4 0 35 0.024795949733982 0.241001179707516 0.589432749412829 0.144770121145673 0
  2 15 4 0 21 0.0235513324814209 0.439999666849899 0.443333547501255 0.0931154531674246 0
  2 16 4 0 30 0.00558410168962933 0.389078777269732 0.547673930211619 0.05766319082902 0
  2 17 4 0 40 0.058575010179836 0.314957104277403 0.626467885542761 0 0
  2 18 4 0 42 0.00463604971453433 0.30179095183105 0.693572998454416 0 0
  2 19 4 0 46 0.00109609184010794 0.489446076388445 0.509457831771447 0 0
  2 20 4 0 37 0.00115205881972221 0.327173917733508 0.67167402344677 0 0
  2 21 4 0 44 0.00331012486669476 0.379940208025421 0.550974537957615 0.0657751291502694 0
  2 22 4 0 42 0.00300709344681172 0.357582633783915 0.639410272769273 0 0
  2 23 4 0 35 0.00134522031131522 0.209592378092558 0.720953275846578 0.0681091257495489 0
  2 24 4 0 26 0 0.0191301786286731 0.980869821371327 0 0
  2 25 4 0 19 0.00552150439477322 0.515087417299149 0.479391078306078 0 0
  2 26 4 0 29 0.00425550631728263 0.0165184020408836 0.979226091641834 0 0
  2 27 4 0 10 0 0.0342839997129954 0.965716000287005 0 0
  2 28 4 0 20 0.00505159380926655 0.0069437595622883 0.988004646628445 0 0
  2 29 4 0 25 0.00334015094087752 0.00154945626004167 0.995110392799081 0 0
  2 30 4 0 18 0.00428708582726815 0 0.995712914172732 0 0
  2 31 4 0 24 0.00586942071310261 0.0102445841687734 0.983885995118124 0 0
  2 32 4 0 21 0.00364943495248919 0.0726849498962067 0.923665615151304 0 0
  2 33 4 0 10 0.00636077270484648 0.02133287790808 0.972306349387073 0 0
  2 34 4 0 12 0.0942731994097759 0.333825186768755 0.571901613821469 0 0
  2 35 4 0 29 0.0259931430910673 0.081013867330752 0.892992989578181 0 0
  2 36 4 0 17 0.114232260028108 0.463741260932227 0.422026479039665 0 0
  2 37 4 0 39 0.00496959133960219 0.678463900732767 0.316566507927631 0 0
  2 38 4 0 9 0.147087016721696 0.852912983278304 0 0 0
  2 39 4 0 50 0.0115730766663228 0.517892449887425 0.470534473446252 0 0
  2 40 4 0 15 0.0310244633986316 0.198193777464121 0.770781759137248 0 0
  2 41 4 0 7 0 0.340449662362896 0.659550337637104 0 0
  2 42 4 0 9 0 0.180744267523076 0.819255732476924 0 0
# end survey length observations 
#  
# Fishery catch data 
# Number of observations, init_int Ncatch_obs
  168
# init_matrix obs_catch_biomass(1,Ncatch_obs,1,6) 
# Fleet	Area	Year	Species	Catch(biomass t)	CV 
  1 1 1 1 17350.0256202777 0.05
  1 1 2 1 17853.0582765076 0.05
  1 1 3 1 24001.1482556493 0.05
  1 1 4 1 20101.4686548759 0.05
  1 1 5 1 29158.4259626596 0.05
  1 1 6 1 23111.9132190529 0.05
  1 1 7 1 15830.2347563758 0.05
  1 1 8 1 23906.2335842259 0.05
  1 1 9 1 17559.4539075942 0.05
  1 1 10 1 20203.3435924506 0.05
  1 1 11 1 25782.8195811783 0.05
  1 1 12 1 21093.6134103244 0.05
  1 1 13 1 28417.3976726207 0.05
  1 1 14 1 25521.9739872109 0.05
  1 1 15 1 19653.1786062495 0.05
  1 1 16 1 15679.5457910602 0.05
  1 1 17 1 9684.87219051858 0.05
  1 1 18 1 4631.60830501546 0.05
  1 1 19 1 5645.64037219919 0.05
  1 1 20 1 6490.83287586803 0.05
  1 1 21 1 5428.37913841999 0.05
  1 1 22 1 6159.63906817499 0.05
  1 1 23 1 5726.6013940504 0.05
  1 1 24 1 8040.88312839125 0.05
  1 1 25 1 6608.81111708538 0.05
  1 1 26 1 7792.39569235524 0.05
  1 1 27 1 3087.0748664214 0.05
  1 1 28 1 2260.82474229225 0.05
  1 1 29 1 2558.63396553097 0.05
  1 1 30 1 3806.53712219672 0.05
  1 1 31 1 5067.78127029375 0.05
  1 1 32 1 4096.84282185017 0.05
  1 1 33 1 2357.78226345762 0.05
  1 1 34 1 2489.21170471604 0.05
  1 1 35 1 1403.66167371651 0.05
  1 1 36 1 686.986410002788 0.05
  1 1 37 1 1115.64403568413 0.05
  1 1 38 1 1043.38232657067 0.05
  1 1 39 1 883.015820848177 0.05
  1 1 40 1 626.020550314572 0.05
  1 1 41 1 719.155301970205 0.05
  1 1 42 1 374.454652246033 0.05
  1 1 1 4 6005.5381350045 0.05
  1 1 2 4 5000.39744939462 0.05
  1 1 3 4 6958.30020298246 0.05
  1 1 4 4 6847.20442048414 0.05
  1 1 5 4 8671.53952595457 0.05
  1 1 6 4 8372.18047930161 0.05
  1 1 7 4 6544.63739484756 0.05
  1 1 8 4 6711.06446822866 0.05
  1 1 9 4 6690.77420571481 0.05
  1 1 10 4 7019.43314900859 0.05
  1 1 11 4 8509.97817487895 0.05
  1 1 12 4 11244.7410747459 0.05
  1 1 13 4 16334.9543808152 0.05
  1 1 14 4 16999.7020929718 0.05
  1 1 15 4 10547.3831228215 0.05
  1 1 16 4 6565.34633465736 0.05
  1 1 17 4 15561.1465363664 0.05
  1 1 18 4 8486.16698131269 0.05
  1 1 19 4 9356.91464028691 0.05
  1 1 20 4 13635.403932731 0.05
  1 1 21 4 5734.67601533309 0.05
  1 1 22 4 5230.32299451817 0.05
  1 1 23 4 9756.70737253154 0.05
  1 1 24 4 8872.45130580666 0.05
  1 1 25 4 7961.31488085209 0.05
  1 1 26 4 5737.33068886666 0.05
  1 1 27 4 4002.17763302246 0.05
  1 1 28 4 1970.38804364801 0.05
  1 1 29 4 6265.93263869158 0.05
  1 1 30 4 3864.16370814335 0.05
  1 1 31 4 2272.16005379502 0.05
  1 1 32 4 4078.18235642461 0.05
  1 1 33 4 3169.58171955526 0.05
  1 1 34 4 3606.96382159409 0.05
  1 1 35 4 4524.17873746803 0.05
  1 1 36 4 3349.65815475033 0.05
  1 1 37 4 5238.85366428384 0.05
  1 1 38 4 4738.63877808637 0.05
  1 1 39 4 6350.33841593054 0.05
  1 1 40 4 5083.74387194457 0.05
  1 1 41 4 3783.24165278369 0.05
  1 1 42 4 2868.57019491606 0.05
  2 1 1 2 1346.33379547618 0.05
  2 1 2 2 799.979504605844 0.05
  2 1 3 2 1364.67729816786 0.05
  2 1 4 2 881.777085325514 0.05
  2 1 5 2 1265.66691480758 0.05
  2 1 6 2 1171.05704620398 0.05
  2 1 7 2 736.610230485805 0.05
  2 1 8 2 938.335325957831 0.05
  2 1 9 2 875.2553849 0.05
  2 1 10 2 817.347086103546 0.05
  2 1 11 2 1040.40115105221 0.05
  2 1 12 2 932.400217178829 0.05
  2 1 13 2 2867.05036989973 0.05
  2 1 14 2 1674.05216224225 0.05
  2 1 15 2 906.503727890806 0.05
  2 1 16 2 2300.64480258338 0.05
  2 1 17 2 2007.27559099622 0.05
  2 1 18 2 25.0015194481519 0.05
  2 1 19 2 3608.59354195378 0.05
  2 1 20 2 6493.87097851048 0.05
  2 1 21 2 17815.5229322986 0.05
  2 1 22 2 15924.7981827493 0.05
  2 1 23 2 10632.3080334932 0.05
  2 1 24 2 29178.8898051922 0.05
  2 1 25 2 11800.8626457634 0.05
  2 1 26 2 15249.980495185 0.05
  2 1 27 2 12575.6407879655 0.05
  2 1 28 2 10829.3858811569 0.05
  2 1 29 2 11731.4569578417 0.05
  2 1 30 2 8470.24704169314 0.05
  2 1 31 2 8653.7023295754 0.05
  2 1 32 2 17570.2678609805 0.05
  2 1 33 2 12251.3232361036 0.05
  2 1 34 2 21914.3642171266 0.05
  2 1 35 2 23370.2574833911 0.05
  2 1 36 2 24659.0697023952 0.05
  2 1 37 2 21763.8145580952 0.05
  2 1 38 2 20662.8132662469 0.05
  2 1 39 2 12412.1623909705 0.05
  2 1 40 2 8697.22891843343 0.05
  2 1 41 2 6657.84639408822 0.05
  2 1 42 2 1729.10774176494 0.05
  2 1 1 3 483.689109068294 0.05
  2 1 2 3 260.393258699526 0.05
  2 1 3 3 355.313876219743 0.05
  2 1 4 3 399.817458663356 0.05
  2 1 5 3 2915.90067089953 0.05
  2 1 6 3 3557.06707042192 0.05
  2 1 7 3 2672.92033229518 0.05
  2 1 8 3 2631.05181802578 0.05
  2 1 9 3 3441.35099451754 0.05
  2 1 10 3 2482.60272880099 0.05
  2 1 11 3 3378.66014955699 0.05
  2 1 12 3 621.243669734912 0.05
  2 1 13 3 2869.34065669349 0.05
  2 1 14 3 1446.60442488624 0.05
  2 1 15 3 1235.47099486385 0.05
  2 1 16 3 1085.38437039687 0.05
  2 1 17 3 17376.2779990742 0.05
  2 1 18 3 1312.97491972068 0.05
  2 1 19 3 926.526901557613 0.05
  2 1 20 3 736.711727125306 0.05
  2 1 21 3 455.441956446405 0.05
  2 1 22 3 2307.75472932644 0.05
  2 1 23 3 968.378460218318 0.05
  2 1 24 3 197.980054545155 0.05
  2 1 25 3 842.202321428438 0.05
  2 1 26 3 2059.73479225169 0.05
  2 1 27 3 2663.00058762521 0.05
  2 1 28 3 615.994244981639 0.05
  2 1 29 3 1559.50333978949 0.05
  2 1 30 3 2216.07421424252 0.05
  2 1 31 3 1678.45840497098 0.05
  2 1 32 3 672.64654367941 0.05
  2 1 33 3 153.205957674883 0.05
  2 1 34 3 122.758551533118 0.05
  2 1 35 3 131.698407415538 0.05
  2 1 36 3 2097.54417488934 0.05
  2 1 37 3 2229.47327552718 0.05
  2 1 38 3 993.536995459745 0.05
  2 1 39 3 870.430486816184 0.05
  2 1 40 3 1328.68471750978 0.05
  2 1 41 3 979.123788454434 0.05
  2 1 42 3 258.827604232194 0.05
# end catch observations 
#  
# Fishery size comp data 
# Number of observations, init_int Ncatch_size_obs 
  168
# init_matrix obs_catch_size(1,Ncatch_size_obs,1,ncol) 
# Fleet Area  Year  Species Type (0=whole, 1=retained, 2=discard) InpN, proportion by size bin 
  1 1 1 1 0 81 0 0.286189549114317 0.657001034623464 0.0563394307621785 0.000469985500040321
  1 1 2 1 0 73 0 0.243764578954427 0.590376242386643 0.164315061733561 0.0015441169253695
  1 1 3 1 0 65 0 0.381228508722571 0.48655860044237 0.130450219346524 0.00176267148853549
  1 1 4 1 0 56 0 0.373072322601764 0.521399839747064 0.100239913681406 0.00528792396976541
  1 1 5 1 0 120 0.000659931354227507 0.568998253487348 0.357488657529121 0.0706165799099541 0.00223657771935015
  1 1 6 1 0 130 0 0.416014043715354 0.518924158344013 0.0593808694511713 0.00568092848946214
  1 1 7 1 0 94 0 0.245970099419179 0.644149926598162 0.106314216523183 0.00356575745947614
  1 1 8 1 0 94 0 0.53110916512299 0.378442315809071 0.0879593666964642 0.0024891523714745
  1 1 9 1 0 82 0 0.397399180680812 0.506756821551369 0.0936774439290447 0.00216655383877433
  1 1 10 1 0 76 0 0.618316556825726 0.330050560421414 0.0506467696099929 0.000986113142866887
  1 1 11 1 0 74 0 0.361964079635628 0.582649441084609 0.0544759993617824 0.000910479917980568
  1 1 12 1 0 65 0 0.337000596931129 0.607215019351181 0.0553709723503881 0.000413411367301803
  1 1 13 1 0 77 0.00774203831723148 0.501450117602252 0.447581941708526 0.0428451862924445 0.000380716079545549
  1 1 14 1 0 88 0 0.285360717542829 0.639005919255441 0.0749984496885047 0.000634913513225485
  1 1 15 1 0 66 0 0.445625908010332 0.476920072393036 0.0766246266330655 0.000829392963566942
  1 1 16 1 0 69 0 0.413346416299974 0.524938524662147 0.0609585896353043 0.000756469402574492
  1 1 17 1 0 43 0.0144915178448341 0.289956355159646 0.636844849488924 0.0574928190985641 0.00121445840803135
  1 1 18 1 0 34 0 0.417781448156787 0.536801564231053 0.0448766412808158 0.000540346331344147
  1 1 19 1 0 55 0.00389185514866959 0.285277093492739 0.656418364055462 0.0542826782152996 0.000130009087829655
  1 1 20 1 0 64 0 0.302114417591658 0.64194216901798 0.0556861180919634 0.000257295298397964
  1 1 21 1 0 77 0 0.366583822318909 0.580935606111965 0.0521910347324629 0.00028953683666326
  1 1 22 1 0 67 0 0.338779517394803 0.619183515006279 0.0419597561356083 7.72114633093415e-05
  1 1 23 1 0 133 0 0.291567846619097 0.660721541042643 0.0477106123382598 0
  1 1 24 1 0 98 0 0.376065797025692 0.58813429507159 0.0354888998890125 0.000311008013705237
  1 1 25 1 0 91 0 0.237102045693081 0.707269562681441 0.0551556274766683 0.000472764148809454
  1 1 26 1 0 77 0 0.104920785253872 0.828497564622322 0.0663370574143741 0.000244592709432252
  1 1 27 1 0 102 0 0.0820708343004263 0.819541036984422 0.095652191136611 0.00273593757854059
  1 1 28 1 0 76 0 0.0821182552356281 0.838239897742046 0.0784060578068672 0.00123578921545869
  1 1 29 1 0 110 0 0.122589299895581 0.835204487809982 0.0418327340708079 0.000373478223629156
  1 1 30 1 0 100 0 0.108730819536731 0.874110308249887 0.0170825901912851 7.62820220976884e-05
  1 1 31 1 0 108 0 0.148403586945873 0.835991160993007 0.0155309150429338 7.43370181861869e-05
  1 1 32 1 0 118 0 0.0661955481254482 0.915483562969657 0.0182138990974582 0.000106989807436706
  1 1 33 1 0 129 0 0.0840130535391105 0.898451066714456 0.0175116417324067 2.4238014026284e-05
  1 1 34 1 0 90 0 0.0945176361974447 0.87218541774535 0.0326075634974057 0.000689382559799327
  1 1 35 1 0 69 0 0.159250831339389 0.820044212928858 0.0205945159738918 0.000110439757861663
  1 1 36 1 0 80 0 0.368980794527863 0.618577067062517 0.0124421384096195 0
  1 1 37 1 0 62 0 0.381243926563419 0.61174682076055 0.00688457030935297 0.000124682366677442
  1 1 38 1 0 94 0 0.340165248699335 0.645437846051508 0.014364992212494 3.19130366628407e-05
  1 1 39 1 0 75 0 0.397522024158859 0.577031545322212 0.0253963334166021 5.00971023266355e-05
  1 1 40 1 0 75 0 0.0622126958154085 0.886031022107596 0.0517562820769959 0
  1 1 41 1 0 35 0 0.0567832680342739 0.859262203198092 0.0839545287676339 0
  1 1 42 1 0 22 0 0.128279335351858 0.729835583919568 0.141885080728575 0
  1 1 1 4 0 5 0 0 0.451776649746193 0.548223350253807 0
  1 1 2 4 0 5 0 0 0.451776649746193 0.548223350253807 0
  1 1 3 4 0 5 0 0 0.451003488232421 0.548996511767579 0
  1 1 4 4 0 5 0 0 0.73 0.27 0
  1 1 5 4 0 5 0 0 0.246287864372513 0.753712135627487 0
  1 1 6 4 0 5 0 0 0.336261317382859 0.663738682617141 0
  1 1 7 4 0 5 0 0 0.135517498138496 0.864482501861504 0
  1 1 8 4 0 5 0 0 0.199295774647887 0.800704225352113 0
  1 1 9 4 0 5 0 0.0129353233830846 0.162189054726368 0.824875621890547 0
  1 1 10 4 0 5 0 0 0.317301264549353 0.682698735450647 0
  1 1 11 4 0 1 0 0 0.199722607489598 0.800277392510402 0
  1 1 12 4 0 5 0 0 0.206993827966915 0.793006172033085 0
  1 1 13 4 0 1 0 0 0.23807800791327 0.761377267263443 0.00054472482328672
  1 1 14 4 0 2 0.00842303692027471 0 0.418826567929583 0.572750395150142 0
  1 1 15 4 0 8 0 0 0.31872731739847 0.68127268260153 0
  1 1 16 4 0 3 0 0 0.423239391045981 0.576760608954019 0
  1 1 17 4 0 3 0 0 0.591567635110483 0.408432364889517 0
  1 1 18 4 0 1 0 0 0.694388555028747 0.305611444971253 0
  1 1 19 4 0 3 0.0400048910517075 0 0.856478473967743 0.10351663498055 0
  1 1 20 4 0 3 0.0379694812470997 0 0.937068281954126 0.0249622367987746 0
  1 1 21 4 0 3 0 0.0279313349806857 0.890820412773347 0.0812482522459672 0
  1 1 22 4 0 2 0 0 0.959825744980888 0.0401742550191117 0
  1 1 23 4 0 6 0 0.00170674090636914 0.961952181529884 0.0363410775637469 0
  1 1 24 4 0 1 0 0 0.923221866579571 0.0767781334204291 0
  1 1 25 4 0 1 0 0 0.879700580376103 0.120299419623897 0
  1 1 26 4 0 2 0 0 0.912881417813362 0.0871185821866385 0
  1 1 27 4 0 2 0 0 0.801060193439295 0.198939806560705 0
  1 1 28 4 0 4 0 0.000324983596346058 0.897437256262532 0.102237760141121 0
  1 1 29 4 0 7 0 0.000169492598185232 0.913347968666232 0.0864825387355828 0
  1 1 30 4 0 6 0.000574735451698814 0 0.885326882440682 0.114098382107619 0
  1 1 31 4 0 10 0 0 0.864556786828968 0.135443213171032 0
  1 1 32 4 0 7 0 0 0.866849794696453 0.133150205303547 0
  1 1 33 4 0 15 0.000965852597457916 0.000965852597457916 0.824861595498433 0.173206699306651 0
  1 1 34 4 0 19 0 0.000529504887568661 0.883229142009802 0.116241353102629 0
  1 1 35 4 0 13 0 0.000387526170433129 0.749099888770478 0.250512585059089 0
  1 1 36 4 0 23 0 0.000524455541619863 0.741581560013405 0.257893984444975 0
  1 1 37 4 0 7 0 0.000243522710662807 0.758313366777537 0.2414431105118 0
  1 1 38 4 0 7 0 0.000351036299818142 0.881331095305895 0.118317868394286 0
  1 1 39 4 0 19 0.0009702580012501 0.00038810320050004 0.821065202640868 0.177576436157382 0
  1 1 40 4 0 25 0 0.000353095912214027 0.840309906632535 0.159336997455251 0
  1 1 41 4 0 31 0 0.000981646758983481 0.820074342871553 0.178944010369464 0
  1 1 42 4 0 31 0 0 0.848820939832482 0.151179060167518 0
  2 1 1 2 0 2 0 0.0903141614635249 0.235314818664797 0.446674782613121 0.227696237258557
  2 1 2 2 0 5 6.49933868132757e-07 0.16949770671883 0.433799427949169 0.290237053936703 0.106465161461429
  2 1 3 2 0 2 0 0.0177294112958403 0.318714695647927 0.589207044512508 0.0743488485437239
  2 1 4 2 0 5 0 0.0230533479054805 0.130647661068762 0.772192107317215 0.0741068837085424
  2 1 5 2 0 5 0 0.104214418368526 0.221295295788377 0.446765477114377 0.22772480872872
  2 1 6 2 0 5 0 0.180932449457399 0.48705892258449 0.25285484035912 0.0791537875989904
  2 1 7 2 0 5 0 0.0282754486106534 0.211572249813846 0.67569337336639 0.0844589282091106
  2 1 8 2 0 1 0 0.185013177445657 0.215023963190325 0.517139782944008 0.0828230764200096
  2 1 9 2 0 5 0 0.0423443414303513 0.224900776721848 0.596680703346504 0.136074178501296
  2 1 10 2 0 5 0 0.168632877043218 0.243225222632948 0.566311195193337 0.0218307051304973
  2 1 11 2 0 2 0 0.0551110587506708 0.388273350610803 0.515479265302262 0.0411363253362642
  2 1 12 2 0 5 0 0.157058743988797 0.206147673465642 0.404063604663853 0.232729977881708
  2 1 13 2 0 5 0 0.00607253971783565 0.248741317268622 0.60851808656988 0.136668056443663
  2 1 14 2 0 5 0 0.000847608504191228 0.153879919301424 0.710308759248743 0.134963712945641
  2 1 15 2 0 5 0 0.0254901392724463 0.288269825840435 0.55814920077014 0.128090834116979
  2 1 16 2 0 5 0 0.0469388844343322 0.322237095431517 0.593532905905629 0.0372911142285223
  2 1 17 2 0 5 0 0 0.25 0.7175 0.0325
  2 1 18 2 0 5 0 0 0.0922131147540984 0.887295081967213 0.0204918032786885
  2 1 19 2 0 5 0 0.00714046983827723 0.300366568550222 0.659441122533284 0.033051839078217
  2 1 20 2 0 30 0 0.000984499598494853 0.384233055439038 0.601890639752903 0.0128918052095643
  2 1 21 2 0 46 0 0.00833210906979483 0.296420650610148 0.686151053161334 0.00909618715872287
  2 1 22 2 0 10 0 0.00208937407077026 0.267058886553772 0.727512661289403 0.00333907808605463
  2 1 23 2 0 19 0 0 0.344046385716148 0.650155826461075 0.00579778782277697
  2 1 24 2 0 61 0 0 0.179158290252686 0.811686350638541 0.00915535910877298
  2 1 25 2 0 29 0 0.00601738208316394 0.156123799608097 0.831038519040887 0.00682029926785206
  2 1 26 2 0 32 0 0.000717694284090046 0.368125260555959 0.624093972436253 0.00706307272369786
  2 1 27 2 0 16 0 0.00167544396183306 0.324834095163423 0.668386154573176 0.0051043063015671
  2 1 28 2 0 31 0 0 0.304954124638171 0.691407271243408 0.00363860411842044
  2 1 29 2 0 44 0 0 0.186695847487447 0.804833426007136 0.00847072650541747
  2 1 30 2 0 29 0 0.000617019575248026 0.399357048708044 0.596853308273431 0.00317262344327714
  2 1 31 2 0 25 0 0 0.0754876375015048 0.909514364180612 0.0149979983178833
  2 1 32 2 0 22 0 0 0.190985441388335 0.799696971042284 0.00931758756938075
  2 1 33 2 0 35 0 0.00436950831510446 0.459956504024626 0.5281376550972 0.00753633256306969
  2 1 34 2 0 28 0 0 0.693491886850349 0.305776302362405 0.00073181078724532
  2 1 35 2 0 45 0 0 0.215753817116135 0.783411339448506 0.000834843435359503
  2 1 36 2 0 51 0 0.00414380893631568 0.207271906808493 0.788387945048965 0.000196339206226383
  2 1 37 2 0 41 0 0 0.208303205808863 0.791555342134787 0.000141452056349962
  2 1 38 2 0 36 0 0.000324821496144945 0.130097378154974 0.869198912123251 0.000378888225630538
  2 1 39 2 0 20 0 0 0.207483775552169 0.792095774770199 0.000420449677631722
  2 1 40 2 0 14 0 0 0.138093560750588 0.861279199761602 0.000627239487810114
  2 1 41 2 0 17 0 0 0.177660874345987 0.819857742980391 0.00248138267362191
  2 1 42 2 0 24 0 0.0246671534842189 0.106259437284276 0.850264415502889 0.0188089937286163
  2 1 1 3 0 1 0 3.70885029876148e-07 0.670774324883175 0.329225304231795 0
  2 1 2 3 0 5 0 4.87567667915735e-05 0.232861958905771 0.767089284327437 0
  2 1 3 3 0 5 0 0.0318553887468617 0.580714187941881 0.387430423311258 0
  2 1 4 3 0 1 0 0.144722041337034 0.296308730967027 0.558969227695938 0
  2 1 5 3 0 6 0 0.0132984168174139 0.219322854174504 0.767378729008082 0
  2 1 6 3 0 4 0 0.0467424711320693 0.41619847556407 0.53705905330386 0
  2 1 7 3 0 5 0 0.258998882076764 0.554754196730411 0.186246921192824 0
  2 1 8 3 0 1 0 0.000271684442705769 0.822349301279432 0.177170885103115 0.000208129174746769
  2 1 9 3 0 1 0 0.107510266066223 0.747732571330537 0.144498648334026 0.000258514269213373
  2 1 10 3 0 1 0 0.234554436518226 0.719326942111617 0.0461186213701567 0
  2 1 11 3 0 2 0 0.000528709726447684 0.640747482768673 0.35872380750488 0
  2 1 12 3 0 5 0 0.00932583084145555 0.458933362961541 0.531740806197003 0
  2 1 13 3 0 4 0 0.0139922878072162 0.603738906799693 0.382268805393091 0
  2 1 14 3 0 8 0.000629255100074785 0.00153206974833853 0.686501886457386 0.310964140785102 0.000372647909098734
  2 1 15 3 0 11 0 0.00148998992142557 0.743761243969044 0.254748017518232 7.48591298305538e-07
  2 1 16 3 0 5 0 0.0818220851452354 0.709006604377668 0.209171310477097 0
  2 1 17 3 0 5 0 0.00522955805477878 0.901890858843503 0.0927573265177652 0.000122256583953049
  2 1 18 3 0 1 0 0.0282215153038824 0.81362069000981 0.070422009221522 0.0877357854647861
  2 1 19 3 0 1 0 0.0469822038974965 0.851915582263564 0.101102213838939 0
  2 1 20 3 0 4 0 0.0451872533852552 0.692233347600733 0.262579399014012 0
  2 1 21 3 0 3 0 0.00434115411597282 0.670793622229623 0.324865223654405 0
  2 1 22 3 0 4 0 0.00135661631242225 0.801374477792787 0.197268905894791 0
  2 1 23 3 0 3 0 0.0119193567103312 0.784570258335997 0.203510384953672 0
  2 1 24 3 0 3 0 0.00910081676993445 0.685687921513643 0.305211261716423 0
  2 1 25 3 0 2 0 0.0256895513178062 0.923451020978623 0.0508594277035707 0
  2 1 26 3 0 4 0 0.168053608921277 0.794256439083864 0.0376899519948588 0
  2 1 27 3 0 5 0 0.291195205285571 0.63310224874748 0.0757020985516175 4.47415331980649e-07
  2 1 28 3 0 4 0 0.00884245882423394 0.919845155320602 0.0713123858551643 0
  2 1 29 3 0 4 0 0.00433310608667249 0.928990651725881 0.0666762421874466 0
  2 1 30 3 0 24 0 0.0157271671547937 0.925316402231978 0.0589564306132281 0
  2 1 31 3 0 10 0 0.0471022152499177 0.918800606571395 0.034097178178687 0
  2 1 32 3 0 12 0 0.00708663117295829 0.973734455123092 0.0191789137039492 0
  2 1 33 3 0 4 0 0.0447253032517695 0.948576123504026 0.00669857324420431 0
  2 1 34 3 0 6 0 0.732820639978842 0.265332288187492 0.00184707183366655 0
  2 1 35 3 0 2 0 0.0706406355345198 0.928105459278516 0.00125390518696431 0
  2 1 36 3 0 10 0 0.0188917110498146 0.979951459992771 0.00115682895741488 0
  2 1 37 3 0 9 0 0.0383047582660346 0.960945182792553 0.000750058941412729 0
  2 1 38 3 0 13 0 0.153425618650388 0.839788043240036 0.00678633810957582 0
  2 1 39 3 0 16 0 0.105079808118043 0.891637874392413 0.00328231748954424 0
  2 1 40 3 0 27 0 0.321291920821818 0.677873068987721 0.000835010190460955 0
  2 1 41 3 0 15 0 0.00759487544137054 0.991443297077091 0.000961827481538801 0
  2 1 42 3 0 16 0 0.0237308980791967 0.973281389309419 0.00298771261138408 0
# end fishery length observations 
#  
# Survey diet proportion observations 
# Number of observations, init_int Ndietprop_obs 
  115
# init_matrix obs_dietprop(1,Ndietprop_obs,1,ncol) 
# Survey  Year  Predator  Predator_size InpN  wt_prey_1 wt_prey_2 wt_prey_3 wt_prey_4 wt_prey_5 wt_prey_6 wt_prey_7 wt_prey_8 wt_prey_9 wt_prey_10 wt_prey_11 other 
  1 12 1 2 100 0.0269384819025857 0 0 0 0.973061518097414
  1 12 1 3 100 0.571156592099 0 0 0 0.428843407901
  1 13 1 3 100 0 0.0723775242789961 0 0 0.927622475721004
  1 13 1 4 100 0 0.969120303070349 0 0 0.0308796969296508
  1 15 1 2 100 0 0.0538674500577594 0 0 0.946132549942241
  1 18 1 1 100 0.546689303904924 0 0 0 0.453310696095076
  1 18 1 2 100 0.0321616608634719 0.0016080830431736 0 0 0.966230256093354
  1 18 1 3 100 0 0.14082932388579 0 0 0.85917067611421
  1 19 1 2 100 0 0.327843629003942 0 0 0.672156370996058
  1 19 1 3 100 0 0.173709459636265 0 0 0.826290540363735
  1 20 1 3 100 0 0.0896426259895575 0 0 0.910357374010442
  1 21 1 2 100 0 0.0560375793222891 0 0 0.943962420677711
  1 21 1 3 100 0 0.246861691474172 0.000776050586212424 0 0.752362257939615
  1 24 1 3 100 0 0.341058077318309 0 0 0.658941922681691
  1 25 1 3 100 0 0.325218629144248 0 0 0.674781370855752
  1 26 1 3 100 0 0.272442201925031 0.263851682044512 0 0.463706116030457
  1 27 1 3 100 0 0.279080407182889 0.156468031568112 0 0.564451561248999
  1 28 1 3 100 0 0.741140008085164 0 0 0.258859991914836
  1 33 1 3 100 0 0.203527815468114 0 0 0.796472184531886
  1 34 1 3 100 0 0.323120925558505 0 0 0.676879074441495
  1 35 1 3 100 0 0.375 0 0 0.625
  1 38 1 3 100 0 0.0780806360022714 0 0 0.921919363997729
  1 39 1 3 100 0 0.351971037811746 0 0 0.648028962188254
  1 40 1 2 100 0 0.293398533007335 0 0 0.706601466992665
  1 41 1 2 100 0 0 0.498373605947955 0 0.501626394052045
  2 2 1 4 100 1 0 0 0 0
  2 11 1 3 100 0 0.0695747023396684 0 0 0.930425297660332
  2 14 1 3 100 0 0.038168636471253 0 0 0.961831363528747
  2 14 1 4 100 0 0 0 0.0166114319040384 0.983388568095962
  2 15 1 3 100 0 0.118641996733802 0 0 0.881358003266198
  2 16 1 3 100 0 0.255053634934223 0 0 0.744946365065777
  2 16 1 4 100 0 0.376692171865803 0 0 0.623307828134197
  2 19 1 3 100 0 0.142879910743553 0.0125302723185576 0 0.84458981693789
  2 19 1 4 100 0 0.3875 0 0 0.6125
  2 21 1 3 100 0 0.203467299297233 0.0846256865546665 0 0.711907014148101
  2 21 1 4 100 0 0 0.156008432888264 0 0.843991567111736
  2 22 1 3 100 0 0.267729803932517 0 0 0.732270196067483
  2 23 1 3 100 0 0.186288985651093 0.0579021354085882 0 0.755808878940319
  2 24 1 3 100 0 0.145089805051373 0.0472889971458089 0 0.807621197802819
  2 24 1 4 100 0 0.941176470588235 0 0 0.0588235294117647
  2 25 1 2 100 0 0.041899773836448 0 0 0.958100226163552
  2 25 1 3 100 0 0.0921583964773526 0 0 0.907841603522647
  2 26 1 3 100 0 0.132467843073187 0 0 0.867532156926813
  2 27 1 3 100 0.0109136416762812 0.0421663428401775 0 0 0.946920015483541
  2 27 1 4 100 0 0.114285714285714 0 0 0.885714285714286
  2 29 1 3 100 0 0.14237674459947 0 0 0.85762325540053
  2 33 1 3 100 0 0.046004171117267 0 0 0.953995828882733
  2 35 1 1 100 0 0.8 0 0 0.2
  2 35 1 2 100 0 0.204607254542122 0 0 0.795392745457878
  2 35 1 3 100 0 0.105615664711794 0.0950540982406142 0 0.799330237047592
  2 36 1 3 100 0 0.567468785871887 0 0 0.432531214128113
  2 39 1 3 100 0 0 0.193979491529562 0 0.806020508470438
  2 40 1 2 100 0 0 0.10002135063277 0 0.89997864936723
  2 36 2 3 100 0 0.0833771432946664 0 0 0.916622856705334
  2 30 3 2 100 0 0.25 0 0 0.75
  2 30 3 4 100 0 1 0 0 0
  1 8 4 2 100 0.0285756613287199 0 0 0 0.97142433867128
  1 8 4 3 100 0.00746887966804979 0 0 0 0.99253112033195
  1 11 4 3 100 0 0.00492613671353543 0 0 0.995073863286465
  1 13 4 2 100 0 0.00452838004518916 0 0 0.995471619954811
  1 13 4 3 100 0 0.480629187299738 0 0 0.519370812700262
  1 13 4 4 100 0 0.240486878781914 0.0961947515127656 0 0.66331836970532
  1 14 4 3 100 0 0.0569160571106946 0 0 0.943083942889305
  1 15 4 3 100 0 0.587411620041342 0 0 0.412588379958658
  1 15 4 4 100 0 0.454789703365892 0 0 0.545210296634108
  1 16 4 3 100 0 0.662002709700844 0 0 0.337997290299156
  1 16 4 4 100 0 0.751215201060539 0 0 0.248784798939461
  1 17 4 3 100 0 0.0061280951286837 0 0 0.993871904871316
  1 18 4 3 100 0 0.169971059716377 0 0 0.830028940283623
  1 19 4 2 100 0 0.0534790372502912 0 0 0.946520962749709
  1 19 4 3 100 0 0.139890766249237 0 0 0.860109233750763
  1 20 4 2 100 0 0 0.0286528546057388 0 0.971347145394261
  1 20 4 3 100 0 0.027267498763935 0 0 0.972732501236065
  1 21 4 3 100 0 0.358547338636236 0 0 0.641452661363764
  1 22 4 2 100 0 0 0.164624149365298 0 0.835375850634702
  1 23 4 3 100 0 0.256122108760421 0 0 0.743877891239579
  1 24 4 3 100 0 0 0 0.0406324189202664 0.959367581079734
  1 25 4 3 100 0 0 0.00399163695496278 0 0.996008363045037
  1 25 4 4 100 0 1 0 0 0
  1 26 4 3 100 0 0.0357546636517807 0 0 0.964245336348219
  1 27 4 2 100 0 0.467807954691723 0 0 0.532192045308276
  1 27 4 3 100 0 0.534960899241485 0 0 0.465039100758515
  1 28 4 2 100 0 0 0.353588704892515 0 0.646411295107485
  1 28 4 3 100 0 0.15027535297398 0.0712692396043446 0 0.778455407421676
  1 29 4 3 100 0 0.052421564608717 0 0 0.947578435391283
  1 31 4 3 100 0 0.261197785143831 0 0 0.738802214856169
  1 31 4 4 100 0 0.356819441253193 0 0 0.643180558746807
  1 34 4 3 100 0 0.0594012345828926 0.0396008230552618 0 0.900997942361846
  1 40 4 3 100 0 0 0.351837372947615 0 0.648162627052385
  1 40 4 4 100 0 0 0.75 0 0.25
  1 42 4 3 100 0 0.0558913654019217 0 0 0.944108634598078
  2 6 4 3 100 0 0 0.0686022197869029 0 0.931397780213097
  2 8 4 3 100 0 0 0.112383253345477 0 0.887616746654523
  2 9 4 4 100 0 0 0 0.0172409121976245 0.982759087802375
  2 14 4 4 100 0.0516181296410481 0 0 0 0.948381870358952
  2 15 4 3 100 0 0.019466308871029 0 0 0.980533691128971
  2 16 4 3 100 0 0.0350744894092671 0 0 0.964925510590733
  2 17 4 2 100 0 0.0577544764772395 0 0 0.94224552352276
  2 18 4 3 100 0 0.0164460860181599 0 0 0.98355391398184
  2 19 4 3 100 0 0.139233127889731 0 0 0.860766872110269
  2 21 4 3 100 0 0.0981156994727143 0 0 0.901884300527286
  2 22 4 3 100 0 0.236259968400799 0 0 0.763740031599201
  2 23 4 3 100 0 0.14109215232613 0.056436860930452 0 0.802470986743418
  2 24 4 3 100 0 0.27024196082539 0.18982111890879 0 0.539936920265819
  2 25 4 3 100 0 0.259879352979162 0 0 0.740120647020838
  2 25 4 4 100 0 0 0.8 0 0.2
  2 27 4 3 100 0 0.182645874555492 0 0 0.817354125444507
  2 30 4 3 100 0 0.245218401393924 0 0 0.754781598606076
  2 33 4 3 100 0 0.154639175257732 0 0 0.845360824742268
  2 34 4 3 100 0 1 0 0 0
  2 35 4 3 100 0 0.699760765550239 0 0 0.300239234449761
  2 36 4 2 100 0 0.575313807531381 0 0 0.424686192468619
  2 36 4 3 100 0 0.798722044728435 0 0 0.201277955271565
  2 37 4 3 100 0 0.1937190712767 0 0 0.8062809287233
  2 42 4 3 100 0 0 0.766467065868264 0 0.233532934131736
# end survey diet proportion observations 
#  
