# This file was created using create_datpin_files.R function write_tsDatFile
      #and used all inputs from csv files found in folder:
      #hydradata/data-raw
# Survey index data 
# Number of observations, init_int Nsurvey_obs
  329
# init_matrix obs_survey_biomass(1,Nsurvey_obs,1,5)
# survey year spp value cv
  1 1 4 89247.1185440503 0.212720515437525
  2 1 4 9995.14704257577 0.25363203301826
  1 2 4 111134.584707914 0.222168779300385
  2 2 4 11753.7404041338 0.187773345626693
  1 3 4 30623.6535432938 0.394113240257454
  2 3 4 50308.6996081411 0.423618201694685
  1 4 4 138845.649606295 0.310035034727007
  2 4 4 157535.719676424 0.327069686277164
  1 5 4 67295.7069708258 0.378629084128514
  2 5 4 25320.0321498062 0.391316523019912
  1 6 4 228706.203712662 0.494427832556011
  2 6 4 25772.3227944121 0.376280830351703
  1 7 4 162479.022955556 0.759062286891916
  2 7 4 28108.9661832868 0.665352569827422
  1 8 4 176197.595310643 0.383150869515862
  2 8 4 50443.7609690014 0.433685089735353
  1 9 4 167405.038122176 0.48934963094834
  2 9 4 58373.297277338 0.392371299771634
  1 10 4 142219.509814728 0.382452035825211
  2 10 4 95540.9473613978 0.333798529002863
  1 11 4 140316.006659033 0.566792532611316
  2 11 4 141665.185286122 0.868042030585988
  1 12 4 73534.8702842734 0.381518572031255
  2 12 4 28103.9775881146 0.445144789260538
  1 13 4 325835.394391038 0.438380584739347
  2 13 4 332752.009623764 0.947226139495183
  1 14 4 160546.428613502 0.482345652338289
  2 14 4 69665.206653433 0.377075764230608
  1 15 4 356504.711580185 0.420835086749712
  2 15 4 94275.9809585225 0.614716212748607
  1 16 4 142314.492397872 0.515165860253858
  2 16 4 131338.500899178 0.704031323768783
  1 17 4 55559.0898928095 0.559532625975744
  2 17 4 59570.3435072452 0.319774204956139
  1 18 4 95967.9017595048 0.479008946214672
  2 18 4 52551.8978841438 0.41351869139049
  1 19 4 103830.299998695 0.429419179801904
  2 19 4 86399.3072566915 0.387615780132326
  1 20 4 130608.59603712 0.477074256852948
  2 20 4 95588.5241927853 0.315868813200741
  1 21 4 344527.484984141 0.410621521476155
  2 21 4 106123.846677796 0.630050999524052
  1 22 4 151939.013281382 0.294672690077384
  2 22 4 87016.718111546 0.335469505128288
  1 23 4 80397.5019970226 0.477447511398437
  2 23 4 12762.3378619236 0.407625761955908
  1 24 4 259418.839097946 0.384568504019134
  2 24 4 7953.11490178513 0.43049173366256
  1 25 4 127568.447497016 0.333261603198005
  2 25 4 126597.562113209 0.843960441627036
  1 26 4 165479.195767382 0.685474246042822
  2 26 4 25036.6737635151 0.429620783824035
  1 27 4 118164.387969956 0.286882992344226
  2 27 4 5456.8636859368 0.81343687860715
  1 28 4 500351.971056608 0.371822434434906
  2 28 4 15257.4249545672 0.53327636373572
  1 29 4 265122.951092761 0.592639130460935
  2 29 4 15651.6250150371 0.590339711107796
  1 30 4 210241.829342588 0.374062101432949
  2 30 4 4942.25388294308 0.701775131617819
  1 31 4 235384.502561009 0.304499664309564
  2 31 4 1121.73881210347 0.210828956182955
  1 32 4 115137.251336205 0.233962995093855
  2 32 4 1435.20564555614 0.329779252894958
  1 33 4 170784.216719196 0.270006842918168
  2 33 4 859.096280564163 0.460124990024536
  1 34 4 128129.74530228 0.350007507053818
  2 34 4 6538.74950438057 0.837656243552001
  1 35 4 778185.884181555 0.34274593698132
  2 35 4 1785.85003907821 0.291986952078346
  1 36 4 339907.80201682 0.261906583866089
  2 36 4 1600.77546903316 0.425399553458769
  1 37 4 173454.512434942 0.417429035160016
  2 37 4 128723.560689243 0.287702894520317
  1 38 4 153832.634420757 0.441211421515246
  2 38 4 2123.51171333683 0.866971810340233
  1 39 4 182687.977090183 0.495234601454268
  2 39 4 130235.324712591 0.556663444153977
  1 40 4 105777.31204407 0.237858203733512
  2 40 4 282.745676984936 0.295404104464232
  1 41 4 172195.371940699 0.327346172729995
  2 41 4 46056.3777245791 0.994030515469621
  1 42 4 339645.544605652 0.368315456462939
  2 42 4 322.441388400248 0.461505384764764
  1 1 2 95.1996792087954 0.601375663623589
  2 1 2 915.539083612985 0.565196579518992
  2 2 2 1225.03548503596 0.686052062200317
  2 3 2 1004.45444664844 0.378997614818957
  1 4 2 4.30119032569859 1
  2 4 2 1192.06224820758 0.459316778181236
  1 5 2 47.0442691873283 0.611089023955187
  2 5 2 74.1955331183006 0.780615956536472
  1 6 2 12.1160290864749 0.702037850017464
  2 6 2 28.6746021713239 0.461790555986525
  1 7 2 120.516443908463 0.948289691951521
  2 7 2 575.45605727383 0.685175011742778
  1 8 2 33.4806270422923 0.544380631361087
  2 8 2 674.067140594555 0.424096495665332
  1 9 2 383.074763382531 0.5393131982084
  2 9 2 1019.99656295138 0.454629127333952
  1 10 2 2196.21384812185 0.88095039530815
  2 10 2 227.942893880214 0.419344308350161
  1 11 2 8495.45840601258 0.799987970388403
  2 11 2 221.384796175663 0.839124360078806
  1 12 2 556.243167351113 0.774991903603438
  2 12 2 123.390397468478 0.424721667998453
  1 13 2 1744.07455287719 0.863215133786584
  2 13 2 360.126935451673 0.387073469025502
  1 14 2 125.065380239544 0.704083892007286
  2 14 2 767.175947183694 0.312793018147624
  1 15 2 7647.29582522923 0.457459057188701
  2 15 2 2801.64965477198 0.459652287866146
  1 16 2 6350.97634028932 0.853197309912465
  2 16 2 10124.3403051059 0.628928805514438
  1 17 2 3174.68809753943 0.61116783920211
  2 17 2 3540.82052343369 0.3895964128798
  1 18 2 10663.1001955005 0.416775375911518
  2 18 2 3213.37605284995 0.495180348393774
  1 19 2 9605.99172739352 0.69077510766454
  2 19 2 2544.30200218573 0.347120352110889
  1 20 2 10369.242167542 0.793751288508348
  2 20 2 3968.82561871279 0.526946514998015
  1 21 2 3087.86947262839 0.339376634127756
  2 21 2 6396.14820075278 0.609998621037514
  1 22 2 2223.35161611982 0.601950919776798
  2 22 2 5332.62004559248 0.389299707202565
  1 23 2 4976.78133140175 0.658556209578282
  2 23 2 6447.50569717903 0.288585466763824
  1 24 2 1957.21805728314 0.637453135075156
  2 24 2 5742.43146811712 0.480513100150493
  1 25 2 188.974187891762 0.510473149998029
  2 25 2 3117.80293530782 0.338488147626423
  1 26 2 4562.41160684266 0.548437091427541
  2 26 2 312.020443323967 0.345955330423839
  1 27 2 2312.96509764442 0.492912195981742
  2 27 2 1157.75878585067 0.33164245084141
  1 28 2 2539.62819827815 0.747597319880804
  2 28 2 444.566620586949 0.447853531697379
  1 29 2 46.009702574897 0.451616070879294
  2 29 2 533.625786825601 0.305275882623724
  1 30 2 4270.05790048401 0.797269558848634
  2 30 2 1129.38830824783 0.605264936420634
  1 31 2 1073.11905645449 0.666772556553203
  2 31 2 1105.0184190806 0.359836468902791
  1 32 2 21976.4452681335 0.96787270074405
  2 32 2 394.636383090277 0.422601396160012
  1 33 2 5153.12756769024 0.404694020855087
  2 33 2 2611.193965485 0.465820030674526
  1 34 2 6223.12391738681 0.814873375751391
  2 34 2 6766.85972376828 0.505954372112585
  1 35 2 5303.76399950889 0.533219898766676
  2 35 2 3502.42864173568 0.287403659199158
  1 36 2 62.8684525554531 0.371953858881132
  2 36 2 3810.93859540457 0.365560779244073
  1 37 2 2377.63516360306 0.791301167226987
  2 37 2 5268.03698270204 0.487536998609889
  1 38 2 1075.29254549171 0.633364993316759
  2 38 2 3619.6112052086 0.644823084547079
  1 39 2 48616.4559445157 0.827253682697507
  2 39 2 637.252220074109 0.354235596542703
  1 40 2 5963.38778944598 0.900216415173481
  2 40 2 1459.73606960107 0.395846441583114
  1 41 2 2488.62186422063 0.957770995377006
  2 41 2 186.147429137279 0.496084887173497
  1 42 2 1680.83410548275 0.55870584954739
  2 42 2 1944.30492145201 0.604660139936764
  1 1 1 29249.092090906 0.241799049430762
  2 1 1 51735.2088021113 0.250018379470286
  1 2 1 24443.4586661382 0.142636213550947
  2 2 1 25343.9213518924 0.163647146277456
  1 3 1 13085.821593512 0.225478190042395
  2 3 1 27835.015554668 0.192013183632222
  1 4 1 22579.604004618 0.323579734794357
  2 4 1 35265.5733354408 0.162432383538487
  1 5 1 5959.03037186004 0.320666395151501
  2 5 1 107473.036195045 0.822390366318268
  1 6 1 16876.7803954235 0.452044832991261
  2 6 1 36080.5964926987 0.192408532269243
  1 7 1 14996.1935746856 0.28209645893665
  2 7 1 30528.4348418385 0.262097825842625
  1 8 1 4824.13833445266 0.414010381101596
  2 8 1 30251.7052907467 0.189959250209439
  1 9 1 5353.01057659546 0.40638853202345
  2 9 1 23504.9810370081 0.178404315527443
  1 10 1 7559.66784516722 0.290993157294119
  2 10 1 15258.2000697613 0.156753980046499
  1 11 1 12211.0064331273 0.324615016521962
  2 11 1 23515.2822071159 0.174348711952217
  1 12 1 7773.46407478306 0.294780938380682
  2 12 1 13229.2517320698 0.195232854572048
  1 13 1 17138.9065914563 0.440402569626277
  2 13 1 15889.1835890841 0.185762358850192
  1 14 1 2463.56741685615 0.372421878022742
  2 14 1 12703.1963328319 0.151581173531864
  1 15 1 5543.02117357977 0.341871348717721
  2 15 1 9204.07722154955 0.233364310094868
  1 16 1 2521.5728284408 0.416897355424411
  2 16 1 10428.7322358477 0.283802183917676
  1 17 1 5992.9918538067 0.500820840736393
  2 17 1 2080.29758346366 0.495024013362717
  1 18 1 6661.49526562174 0.389853340834037
  2 18 1 9137.18473951314 0.390988792530431
  1 19 1 3377.95502851581 0.293941849282161
  2 19 1 12150.2937295792 0.322403741112933
  1 20 1 5041.24807291438 0.525509720403112
  2 20 1 5567.65192159873 0.218361153170241
  1 21 1 6712.852762048 0.266433769579894
  2 21 1 17838.1704253848 0.421115605185845
  1 22 1 3278.32018854241 0.374831371194202
  2 22 1 6162.89957115022 0.227391091044855
  1 23 1 2648.05606415484 0.352011231642473
  2 23 1 12800.8559842433 0.384269029090844
  1 24 1 5288.03778811784 0.34725908523047
  2 24 1 4861.99278771641 0.331291933735556
  1 25 1 25990.9161955701 0.578696888706846
  2 25 1 5957.86546614683 0.247394190789157
  1 26 1 5571.62726417248 0.459728456052307
  2 26 1 5256.30861705729 0.394189312610479
  1 27 1 8758.19337937224 0.539982548576019
  2 27 1 39416.8250097561 0.72948972943007
  1 28 1 3472.70831251577 0.364309332200766
  2 28 1 5531.35281623467 0.278656828353639
  1 29 1 3621.19261706434 0.562793580097325
  2 29 1 10010.7101981892 0.316141323613091
  1 30 1 1782.59202173628 0.420348818797864
  2 30 1 9185.74122673976 0.30511736182771
  1 31 1 4710.84611944618 0.403753427903273
  2 31 1 7012.35458626607 0.278331587636247
  1 32 1 5965.90590139794 0.491331418922754
  2 32 1 5783.50997110868 0.329726795744574
  1 33 1 4155.79204941618 0.537081122476055
  2 33 1 5677.24714987951 0.33086845072982
  1 34 1 5567.48693539521 0.379030815152119
  2 34 1 2506.50268374571 0.278881417082292
  1 35 1 1932.57719532595 0.519511456600017
  2 35 1 4662.98415626814 0.27351876283918
  1 36 1 2611.54241750039 0.556056214854877
  2 36 1 10800.811628933 0.714061811185508
  1 37 1 1618.35984068457 0.588197671943964
  2 37 1 3990.36920781896 0.340315242626747
  1 38 1 5304.96299777097 0.324588369174256
  2 38 1 2417.76674998808 0.300199803594678
  1 39 1 7997.44695147181 0.501841796783066
  2 39 1 8415.57558748585 0.438397059851219
  1 40 1 1617.59478059739 0.403101009292275
  2 40 1 13891.6711501454 0.410378233550251
  1 41 1 2355.40214094997 0.478602624152216
  2 41 1 3730.17980945563 0.362128776577143
  1 42 1 2753.69191816943 0.646634922078809
  2 42 1 8501.59526170931 0.816170985475773
  1 1 3 528.88710671553 0.499484636786782
  1 2 3 175.815079006658 0.358153914340203
  2 2 3 111.87439483509 0.577110518633802
  1 3 3 148.205808975382 0.678339172154909
  2 3 3 180.481319548921 0.738121970739642
  1 4 3 9.95645908726525 1
  2 4 3 482.829698325969 0.52056341701904
  1 5 3 82.8875219014832 0.693225535250834
  2 5 3 1.99129181745305 1
  1 6 3 14.135367267554 1
  2 6 3 190.481285852366 0.48452157876779
  1 7 3 22.8565669481568 0.912293822979085
  1 8 3 22.2127199918706 0.655734850091527
  2 8 3 4769.82748058814 0.750382084373246
  1 9 3 58.2452856605017 0.670809892238012
  2 9 3 36.867345648845 0.47273108889926
  1 10 3 19.5508651168118 0.631102684426709
  2 10 3 121.160290864749 0.919260399745188
  1 11 3 21.8704592832132 0.496475444687371
  1 12 3 6.61721588569014 0.740682868109632
  2 12 3 11.2010164731734 1
  1 13 3 34.8745161543129 0.360862225436052
  1 14 3 2580.71419541915 0.547901331396328
  2 14 3 82.5480971598719 0.478873954421528
  1 15 3 1360.9407338236 0.429608216382601
  2 15 3 25.8541494987347 0.654713783069401
  1 16 3 665.340378506501 0.69118921143411
  2 16 3 3412.27765838755 0.8614889831113
  1 17 3 421.926289092338 0.426971754606328
  2 17 3 1254.51384499542 0.572182042928152
  1 18 3 656.947975119138 0.505524319387353
  2 18 3 279.918735481972 0.488492827246527
  1 19 3 688.624915781037 0.644591984223249
  2 19 3 1269.87523901577 0.51925665989311
  1 20 3 9293.94458611734 0.899065435378594
  2 20 3 3206.34187915713 0.59569628754064
  1 21 3 1286.07730634072 0.543826822033971
  2 21 3 1388.79229919323 0.466111862829518
  1 22 3 2612.81263068556 0.88174616562504
  2 22 3 5187.10713905143 0.568444982816852
  1 23 3 621.283047045352 0.408104676406013
  2 23 3 15890.8653525561 0.357346049869971
  1 24 3 3843.34515856769 0.92608255019157
  2 24 3 35285.2749144405 0.539541007788685
  1 25 3 41.7707637600181 0.648664057223823
  2 25 3 952.377626648042 0.576168087832409
  1 26 3 5777.51959703597 0.695927823776047
  2 26 3 201.035843660516 0.549529982814455
  1 27 3 692.175378442936 0.708713243925404
  2 27 3 25.6768028534128 0.496269825160911
  1 28 3 12.8821720202515 0.489543853646182
  1 29 3 3.07227880407042 0.703511357168505
  2 29 3 47.1633008847746 0.875017095315649
  1 30 3 395.355732405013 0.631659802692532
  2 30 3 9583.64788154573 0.908152223575802
  1 31 3 219.15588802369 0.626570332091694
  2 31 3 142.946766770289 0.712465807947941
  1 32 3 1468.39318873056 0.661895735249442
  2 32 3 2989.95494622372 0.86012943797605
  1 33 3 72.605747333221 0.783155911787346
  2 33 3 2219.73323424658 0.598390099709208
  1 34 3 314.810973251888 0.542775440757204
  2 34 3 1360.93285250279 0.743173480285892
  1 35 3 1437.23727615075 0.870542376054271
  2 35 3 12465.0628506538 0.446478967244395
  1 36 3 35.3257003708169 0.492193512682958
  2 36 3 4579.25745547626 0.490110041691513
  1 37 3 4342.21287299406 0.909630520329322
  2 37 3 1576.37531144 0.433872317628348
  1 38 3 5799.99536312402 0.644773009949607
  2 38 3 16619.5438886494 0.484949159815328
  1 39 3 8680.14221168733 0.515045488987725
  2 39 3 8752.93996176899 0.388710136036013
  1 40 3 9588.82586042981 0.442573167063876
  2 40 3 25704.0939791073 0.395139923022642
  1 41 3 621.457262823039 0.88587618368699
  2 41 3 2861.89815873134 0.537531419606343
  1 42 3 19155.4702259493 0.983269433580366
  2 42 3 9683.32547590109 0.849696423298534
# end survey index observations 
#  
# Survey size comp data 
# Number of observations, init_int Nsurvey_size_obs 
  329
# init_matrix obs_survey_size(1,Nsurvey_size_obs,1,ncol) 
# Survey  Year  Species Type (0=whole, 1=retained, 2=discard) InpN, proportion by length bin 
  1 1 1 0 57 0.0176734178756795 0.0658377202461049 0.435500143875615 0.359537401092977 0.121451316909623
  1 2 1 0 65 0.0160385493139383 0.0510946590782986 0.206035633715348 0.635550176211059 0.0912809816813561
  1 3 1 0 32 0.0170698957152391 0.041308665203303 0.313315805131421 0.628305633950037 0
  1 4 1 0 32 0.0485446731741154 0.135223433666413 0.393702551835269 0.166188289732285 0.256341051591918
  1 5 1 0 21 0.0161901822038594 0.158427126371278 0.216386870557693 0.31419480457805 0.29480101628912
  1 6 1 0 18 0.0119424496743096 0.0844692073230574 0.188171394762595 0.715416948240038 0
  1 7 1 0 25 0.0399338275327721 0.0582613872285942 0.304186934228397 0.597617851010237 0
  1 8 1 0 20 0.0179127273509514 0.049648822776505 0.682824045690684 0.249614404181859 0
  1 9 1 0 16 0.0630422731316152 0.426010201932953 0.19672455210764 0.314222972827792 0
  1 10 1 0 19 0.0319091907534605 0.0750387887451623 0.224735016212824 0.0798830236044768 0.588433980684077
  1 11 1 0 20 0.0156922118043712 0.287041104025009 0 0.697266684170619 0
  1 12 1 0 22 0.0346067621850712 0.112509745628967 0.120284666787166 0.313613665732345 0.41898515966645
  1 13 1 0 23 0.0195573631680692 0.233987679933903 0.468557356321052 0 0.277897600576975
  1 14 1 0 14 0.0865489317976167 0.115669524408386 0.454591813260126 0.343189730533871 0
  1 15 1 0 21 0.0189144952451581 0.397998434404156 0.430119367319498 0.152967703031188 0
  1 16 1 0 14 0.0290198774746126 0.0610075443624087 0.909972578162979 0 0
  1 17 1 0 17 0.0418150354421112 0.386244134580186 0.19362125195514 0.378319578022563 0
  1 18 1 0 19 0.0195382926559808 0.0682711948869473 0.750663460430961 0.161527052026111 0
  1 19 1 0 18 0.026621529304972 0.167515136769013 0.592987020279059 0.212876313646955 0
  1 20 1 0 15 0.0234906785540989 0.462244856312326 0.264836993737331 0.249427471396244 0
  1 21 1 0 21 0.000476907706285221 0.653574845835056 0.345948246458658 0 0
  1 22 1 0 13 0.0048593261549149 0.0494234109065648 0.647724904480723 0.297992358457798 0
  1 23 1 0 14 0.0305516946434299 0.183982221136076 0.130859464495731 0.654606619724764 0
  1 24 1 0 14 0.0125652348454436 0.311998751059369 0.675436014095187 0 0
  1 25 1 0 18 0.0230311898486436 0.142380712792131 0.404794106378756 0.42979399098047 0
  1 26 1 0 14 0.0019051797073293 0.0810860777739479 0.59393977375991 0.323068968758813 0
  1 27 1 0 23 0.182489647073367 0.21961802336362 0.36274800667532 0.235144322887694 0
  1 28 1 0 14 0.0171866516309569 0.524147628395216 0.458665719973827 0 0
  1 29 1 0 17 0.0346654303347217 0.525742559207126 0.439592010458152 0 0
  1 30 1 0 18 0.0159840865572308 0.11438716513915 0.86962874830362 0 0
  1 31 1 0 20 0.0402549134673791 0.145096141636896 0.814648944895725 0 0
  1 32 1 0 10 0.0269161531537769 0.468669943917469 0.504413902928754 0 0
  1 33 1 0 15 0.0661222328574629 0.113011424963851 0.820866342178686 0 0
  1 34 1 0 18 0.0866398429766864 0.093318739083873 0.172975639089616 0.647065778849825 0
  1 35 1 0 8 0.0319756191950464 0.11734068627451 0.429018317853457 0.421665376676987 0
  1 36 1 0 12 0.0140477505965886 0.850188674809268 0.135763574594143 0 0
  1 37 1 0 8 0.121675386109458 0.339729331787851 0.538595282102691 0 0
  1 38 1 0 16 0.119256505576208 0.782226109774765 0.0985173846490269 0 0
  1 39 1 0 10 0.00184016183674962 0.789697531014648 0.208462307148602 0 0
  1 40 1 0 10 0.0064043882326232 0.0649776267512285 0.396420280196562 0.532197704819586 0
  1 41 1 0 13 0.0427855963236878 0.173018237955051 0.576182953974295 0.208013211746966 0
  1 42 1 0 8 0.18677384914903 0.324687558877096 0.488538591973874 0 0
  1 1 2 0 11 0.00847830874256772 0 0.394846950011011 0.596674741246422 0
  1 4 2 0 1 0 0 0 1 0
  1 5 2 0 5 0 0 0.245300975493695 0.754699024506305 0
  1 6 2 0 1 0 0 1 0 0
  1 7 2 0 3 0 0 1 0 0
  1 8 2 0 4 0 0 0.398804756330479 0.601195243669521 0
  1 9 2 0 5 0 0 1 0 0
  1 10 2 0 10 0.0253553434645476 0.74497194117888 0.229672715356572 0 0
  1 11 2 0 13 0.079015873015873 0.253269841269841 0.356857142857143 0.310857142857143 0
  1 12 2 0 15 0.118048923822816 0 0.612061999559245 0.269889076617939 0
  1 13 2 0 9 0 0.344717785424477 0.49879307688357 0.156489137691952 0
  1 14 2 0 6 0.0373129950132004 0 0.706482839542388 0.256204165444412 0
  1 15 2 0 13 0.0534802404849948 0.613287047518426 0.333232711996579 0 0
  1 16 2 0 10 0 0.144659500535836 0.855340499464164 0 0
  1 17 2 0 10 0.0601871726624882 0.144157293723706 0.688303139578146 0.10735239403566 0
  1 18 2 0 18 0.488789879578435 0.0122210889831267 0.498989031438438 0 0
  1 19 2 0 27 0.036676661769737 0.611569499506953 0.35175383872331 0 0
  1 20 2 0 23 0 0.626580487586936 0.345942484399899 0.0274770280131651 0
  1 21 2 0 25 0 0.411052863069553 0.56871485800554 0.0202322789249076 0
  1 22 2 0 9 0.0117824683975251 0.266674561117854 0.721542970484621 0 0
  1 23 2 0 8 0 0.195842744546761 0.804157255453239 0 0
  1 24 2 0 9 0.0105928853754941 0.191588932806324 0.797818181818182 0 0
  1 25 2 0 14 0.196634997205636 0 0.515398417507427 0.287966585286937 0
  1 26 2 0 18 0.735420563814775 0.1611149398882 0.103464496297026 0 0
  1 27 2 0 16 0.00440780344461677 0.411857535439284 0.583734661116099 0 0
  1 28 2 0 6 0.0391890780491817 0.0964717493214903 0.864339172629328 0 0
  1 29 2 0 8 0.00374131480491716 0.302868341350436 0.693390343844646 0 0
  1 30 2 0 17 0 0.36520618556701 0.63479381443299 0 0
  1 31 2 0 9 0 0.209108159392789 0.790891840607211 0 0
  1 32 2 0 30 0.0406974860405589 0.928134529051118 0.0311679849083231 0 0
  1 33 2 0 24 0.360331104020711 0.618253869125345 0.0214150268539441 0 0
  1 34 2 0 25 0.00306089649932792 0.987947811349424 0.00623867687452516 0.00275261527672258 0
  1 35 2 0 16 0.0061038704351769 0.778214414435363 0.21568171512946 0 0
  1 36 2 0 13 0.0766998341625207 0.0671049514333096 0.85619521440417 0 0
  1 37 2 0 8 0 0.0290070658237263 0.970992934176274 0 0
  1 38 2 0 10 0 0.194653550042772 0.805346449957228 0 0
  1 39 2 0 13 0 0.940541531777434 0.0594584682225655 0 0
  1 40 2 0 8 0 0.541667323672716 0.229126917800659 0.229205758526625 0
  1 41 2 0 5 0 0 0.841026832384714 0.158973167615286 0
  1 42 2 0 17 0.716833263653985 0.0242788187450116 0.258887917601003 0 0
  1 1 3 0 27 0.28790155173007 0 0.0378470748798642 0.384985033202207 0.289266340187859
  1 2 3 0 13 0 0 0.507294300719704 0.0185673109228838 0.474138388357412
  1 3 3 0 5 0 0.102664129400571 0.383507770377418 0 0.513828100222011
  1 4 3 0 2 0.0237340041561851 0 0 0.976265995843815 0
  1 5 3 0 5 0.0568226375637172 0 0.683603450529343 0.25957391190694 0
  1 6 3 0 1 0 0 0 1 0
  1 7 3 0 3 0.267798897761782 0 0.732201102238218 0 0
  1 8 3 0 3 0 0.266701974729515 0.733298025270485 0 0
  1 9 3 0 4 1 0 0 0 0
  1 10 3 0 4 0.38740959894806 0 0.61259040105194 0 0
  1 11 3 0 4 0.0705468500159898 0 0.92945314998401 0 0
  1 12 3 0 2 0.528331822302811 0.471668177697189 0 0 0
  1 13 3 0 8 0.366038882138518 0 0.633961117861482 0 0
  1 14 3 0 19 0.808730543376577 0.0470791113916346 0.144190345231789 0 0
  1 15 3 0 15 0.0452281261131842 0.89142913870932 0 0.0633427351774963 0
  1 16 3 0 12 0.318077989884157 0.18198727361723 0.499934736498613 0 0
  1 17 3 0 14 0.0804426622773994 0.919557337722601 0 0 0
  1 18 3 0 14 0.717563047997831 0.122173009129531 0.160263942872639 0 0
  1 19 3 0 15 0.698671831765357 0.205707961103645 0.0956202071309985 0 0
  1 20 3 0 17 0.00467500160837211 0.995324998391628 0 0 0
  1 21 3 0 12 0.877903537484718 0.0645712558005022 0.0575252067147796 0 0
  1 22 3 0 11 0.0316418628906093 0.888306791287256 0.0800513458221349 0 0
  1 23 3 0 16 0.354325372422535 0.542086570198667 0 0.103588057378798 0
  1 24 3 0 15 0.134129029847958 0.865870970152042 0 0 0
  1 25 3 0 4 0.538258058195356 0.207994513569119 0.253747428235525 0 0
  1 26 3 0 14 0.924385714285714 0 0.0756142857142857 0 0
  1 27 3 0 6 0 1 0 0 0
  1 28 3 0 4 0.322635857937527 0.677364142062473 0 0 0
  1 29 3 0 2 1 0 0 0 0
  1 30 3 0 10 1 0 0 0 0
  1 31 3 0 9 0 0.26415439830074 0.73584560169926 0 0
  1 32 3 0 12 0.126688293458935 0.500811004710066 0.273059047381391 0.0994416544496085 0
  1 33 3 0 5 0.608910891089109 0.391089108910891 0 0 0
  1 34 3 0 9 0.406268973891925 0.50721007893139 0.0865209471766849 0 0
  1 35 3 0 5 0.073639982308713 0.281125608137992 0.645234409553295 0 0
  1 36 3 0 5 0.188861788617886 0 0.811138211382114 0 0
  1 37 3 0 3 0 0.105982829145503 0.894017170854497 0 0
  1 38 3 0 15 0.00370743054785034 0.9482987523291 0.0479938171230492 0 0
  1 39 3 0 12 0.00584639914961467 0.858580919479139 0.0828275312250864 0.05274515014616 0
  1 40 3 0 9 0.745825833649109 0.25417416635089 0 0 0
  1 41 3 0 8 0.145981589084024 0.0437748906443821 0.810243520271594 0 0
  1 42 3 0 12 0.0745604999313281 0.170701139953303 0.754738360115369 0 0
  1 1 4 0 86 0.0944110382066317 0.252649470200491 0.286762905621102 0.279388535080016 0.0867880508917591
  1 2 4 0 100 0.0418113479076591 0.169033506085163 0.430412387459003 0.184659080112341 0.174083678435834
  1 3 4 0 33 0.0306845459333819 0.1483531521758 0.290913210255579 0.427923275818587 0.102125815816652
  1 4 4 0 44 0.153576713103775 0.392890214358593 0.348326063935243 0.0483207448634691 0.0568862637389206
  1 5 4 0 34 0.0832984238362046 0.328604774813603 0.32403700138161 0.165092382613459 0.0989674173551222
  1 6 4 0 40 0.139779608177133 0.472133725930464 0.244450921942855 0.0412234577544385 0.10241228619511
  1 7 4 0 39 0.0967987855162106 0.227222381452587 0.279908899055198 0.0846825357846828 0.311387398191322
  1 8 4 0 49 0.148393852884037 0.346399532632924 0.352314780697398 0.0582622830710802 0.0946295507145611
  1 9 4 0 36 0.111285747311273 0.372231487149215 0.268618989530067 0.192901353487094 0.0549624225223509
  1 10 4 0 43 0.357368800695296 0.257703596484323 0.194112477890465 0.157056817287287 0.0337583076426296
  1 11 4 0 41 0.139099992866667 0.462791437805567 0.188768109977704 0.209340459350062 0
  1 12 4 0 35 0.238294977457943 0.366913461304403 0.155545961070591 0.166656203838107 0.0725893963289565
  1 13 4 0 32 0.0644126981017494 0.215310889964151 0.210109311027093 0.471277450192959 0.0388896507140478
  1 14 4 0 21 0.0364847414962651 0.364710112947253 0.525534905768319 0.0732702397881626 0
  1 15 4 0 30 0.089448305400887 0.47803860342374 0.37714033068911 0.016751572618768 0.0386211878674954
  1 16 4 0 19 0.0542717951931 0.207815497884524 0.592931390965222 0.0624393404018636 0.0825419755552902
  1 17 4 0 35 0.0962931734432578 0.392128248367709 0.147613659839629 0.293680306327861 0.0702846120215429
  1 18 4 0 27 0.253707168560256 0.191502849616563 0.499936401646172 0.0548535801770086 0
  1 19 4 0 34 0.0581277462704145 0.681645716394878 0.200751077260426 0.0594754600742821 0
  1 20 4 0 42 0.0187892065797288 0.626850886606554 0.269093289287303 0.0852666175264141 0
  1 21 4 0 41 0.0273273552036339 0.711929648676581 0.184200657222955 0.0765423388968308 0
  1 22 4 0 44 0.0241731890173842 0.571843201803805 0.284608075510886 0.119375533667925 0
  1 23 4 0 28 0 0.405156633889207 0.594843366110793 0 0
  1 24 4 0 34 0.0144994144383171 0.548210880900087 0.351894973787712 0.0853947308738832 0
  1 25 4 0 36 0.00970773425546542 0.21736375293034 0.681582634689414 0.091345878124781 0
  1 26 4 0 31 0.00921161086234935 0.0440962708013099 0.682361630911805 0.264330487424536 0
  1 27 4 0 39 0.00621775683077511 0.124895366082233 0.603142884438662 0.228654112112968 0.0370898805353617
  1 28 4 0 38 0.00813690401147924 0.0572816870097287 0.856686552599238 0.0778948563795541 0
  1 29 4 0 48 0.0187914553893325 0.0613423434210828 0.52217799348936 0.397688207700225 0
  1 30 4 0 38 0.0407131117782109 0.0358769016428255 0.705066006522402 0.218343980056561 0
  1 31 4 0 61 0.0281067040643602 0.175581417267028 0.612122583004407 0.184189295664205 0
  1 32 4 0 48 0.0134172444337381 0.32806630582886 0.571255429504889 0.087261020232512 0
  1 33 4 0 49 0.136383848697237 0.305961554059534 0.52553520394288 0.0321193933003488 0
  1 34 4 0 44 0.1378704616567 0.375085703259949 0.426434489647588 0.0606093454357628 0
  1 35 4 0 61 0.321364759038225 0.462056481462684 0.194799157882752 0.0217796016163394 0
  1 36 4 0 67 0.648521720224027 0.282700321706534 0.0687779580694387 0 0
  1 37 4 0 57 0.606278049312281 0.335717335610589 0.0580046150771299 0 0
  1 38 4 0 38 0.191939186951009 0.571766593943824 0.17261585205661 0.0636783670485568 0
  1 39 4 0 52 0.15797689738898 0.659709710060596 0.12724508101649 0.0550683115339345 0
  1 40 4 0 43 0.314343046033968 0.632626644054063 0.0230074459900024 0.0300228639219665 0
  1 41 4 0 42 0.204945392051258 0.648313829249502 0.106433210278077 0.0403075684211627 0
  1 42 4 0 61 0.190973601545587 0.63549090085304 0.14860597271612 0.0249295248852536 0
  2 1 1 0 58 0.00918016127707331 0.0786289653536633 0.597427487606102 0.136583935506579 0.178179450256582
  2 2 1 0 83 0.0320588613635261 0.17808766812223 0.242210782776951 0.339733808233782 0.207908879503511
  2 3 1 0 63 0.00318853441660803 0.205616586458903 0.126639192545213 0.392861958475015 0.271693728104261
  2 4 1 0 56 0.0452876874478569 0.0767504046663196 0.331469847902509 0.260405450694885 0.286086609288429
  2 5 1 0 55 0.0123795710560564 0.183724752229813 0.136202096571976 0.374632337167673 0.293061242974482
  2 6 1 0 45 0.0134365388690835 0.0851956866888781 0.2528722568452 0.515014052953056 0.133481464643783
  2 7 1 0 46 0.0153392996573938 0.0187405499726057 0.43113493499799 0.359648421003594 0.175136794368417
  2 8 1 0 56 0.0140203812555947 0.161830234106633 0.354661738183325 0.277423967157163 0.192063679297283
  2 9 1 0 51 0.0360995606408735 0.0211011234542576 0.306587986964936 0.395124936501778 0.241086392438155
  2 10 1 0 44 0.0100388345458006 0.17766804703785 0.256173369668664 0.349107594672262 0.207012154075422
  2 11 1 0 49 0.0377673224978614 0.176624884342103 0.478746879419005 0.240239346380126 0.066621567360905
  2 12 1 0 50 0.0308767094956508 0.110942992598345 0.455527578097393 0.288712142407165 0.113940577401446
  2 13 1 0 48 0.0148059290128966 0.175339778153195 0.610107076987787 0.199747215846121 0
  2 14 1 0 52 0.0287544101581389 0.0837079355982592 0.291136701470351 0.543562870498057 0.0528380822751939
  2 15 1 0 31 0.0217155251531385 0.313005570614475 0.294817034128017 0.370461870104369 0
  2 16 1 0 38 0.00390790680814728 0.165336315412829 0.351292141024707 0.303578869089326 0.175884767664991
  2 17 1 0 26 0.0489139134266143 0.0570775087749986 0.794278057305238 0.0997305204931491 0
  2 18 1 0 33 0.01400425307621 0.179712462967339 0.607551936603719 0.198731347352733 0
  2 19 1 0 31 0.00812400816531668 0.066987955125182 0.321946181888281 0.60294185482122 0
  2 20 1 0 38 0.0187167771479374 0.0872739828059811 0.416004825319694 0.31273551852675 0.165268896199637
  2 21 1 0 30 0.0127690969331691 0.186081673936932 0.445546893210349 0.205564666511272 0.150037669408278
  2 22 1 0 35 0.00806068345338607 0.255977840869174 0.524659368452374 0.211302107225067 0
  2 23 1 0 35 0.0171286827948444 0.189383342693752 0.556604923226907 0.15989095995507 0.0769920913294267
  2 24 1 0 26 0.00933928841230685 0.26117106825701 0.606375963546557 0 0.123113679784126
  2 25 1 0 32 0.00150436106354632 0.116780646210171 0.785656524281971 0.0960584684443112 0
  2 26 1 0 26 0.0103291490066855 0.0495681001915438 0.527522536188568 0.412580214613203 0
  2 27 1 0 37 0.0609325289154191 0.15048786456837 0.788579606516211 0 0
  2 28 1 0 35 0.0247993429392894 0.170297370876117 0.407428545137193 0.0701298752152432 0.327344865832158
  2 29 1 0 33 0.0116770471648405 0.252544685680317 0.51006660632017 0.225711660834673 0
  2 30 1 0 45 0.0380842752869325 0.419965957876377 0.352947279574445 0.189002487262245 0
  2 31 1 0 34 0.015248821413674 0.308897834864118 0.468044373086519 0.207808970635689 0
  2 32 1 0 36 0.0725949472317449 0.156327440284386 0.771077612483869 0 0
  2 33 1 0 42 0.0148615337416747 0.228870651859832 0.469163922788517 0.287103891609976 0
  2 34 1 0 34 0.0256232495668726 0.15808195282891 0.576475757364481 0.239819040239736 0
  2 35 1 0 35 0.0521516244172494 0.554714816433566 0.393133559149184 0 0
  2 36 1 0 28 0.0482548476454294 0.916992015642822 0.0347531367117484 0 0
  2 37 1 0 22 0.075824209810107 0.38804045277417 0.536135337415723 0 0
  2 38 1 0 32 0.185847425603847 0.370761868773847 0.443390705622306 0 0
  2 39 1 0 27 0.0172845706010476 0.568087193651424 0.414628235747528 0 0
  2 40 1 0 39 0.0394624516115177 0.595471392854522 0.313584210724123 0.0514819448098375 0
  2 41 1 0 20 0.0225063654962963 0.0662412776772251 0.296853946371726 0.614398410454753 0
  2 42 1 0 30 0.0514373262135654 0.529998478287936 0.418564195498499 0 0
  2 1 2 0 16 0.17532607912373 0.216425260022579 0.105858614974418 0.502390045879273 0
  2 2 2 0 20 0.00645499524886137 0.257773845800976 0.516006422228775 0.219764736721387 0
  2 3 2 0 34 0.0048869133862135 0.103067213477076 0.837774121460671 0.0542717516760394 0
  2 4 2 0 15 0.00334152546026818 0.00495120654220383 0.892172925739088 0.09953434225844 0
  2 5 2 0 4 0 0.109499876410975 0.320919502348191 0.569580621240834 0
  2 6 2 0 7 0 0.0358523920008839 0.964147607999116 0 0
  2 7 2 0 18 0.0988184747583244 0.407570650764843 0.493610874476832 0 0
  2 8 2 0 22 0.273802886700118 0.701883169175494 0.0243139441243883 0 0
  2 9 2 0 21 0.147485583183481 0.720561790785639 0.13195262603088 0 0
  2 10 2 0 11 0.066054753820034 0.205008488964346 0.72893675721562 0 0
  2 11 2 0 7 0.0993520518358531 0.127189824814015 0.336573074154068 0.436885049196064 0
  2 12 2 0 19 0.358728226259599 0.244100018730099 0.296216519947556 0.100955235062746 0
  2 13 2 0 32 0.0187822488845313 0.0493755868154512 0.0358985650544648 0.86557875582661 0.0303648434189426
  2 14 2 0 34 0.130111846478425 0.0427588798011618 0.556255599549146 0.270873674171267 0
  2 15 2 0 27 0.435474276064555 0.0709255243614592 0.493600199573986 0 0
  2 16 2 0 42 0.0053367559272739 0.0129934038741192 0.927765994199266 0.0539038459993412 0
  2 17 2 0 34 0.0419191623486246 0.00864584248172761 0.949434995169648 0 0
  2 18 2 0 28 0.0725641079112186 0.169832961441411 0.341542760619774 0.416060170027596 0
  2 19 2 0 26 0.280968637786779 0.484654980277006 0.204270072347125 0.0301063095890896 0
  2 20 2 0 32 0.0951154684496602 0.478143307796305 0.315402231194416 0.11133899255962 0
  2 21 2 0 37 0.162776656040824 0.0916787316509443 0.67055775935388 0.0749868529543522 0
  2 22 2 0 38 0.0569736904554731 0.0961413722729358 0.800214368207059 0.046670569064532 0
  2 23 2 0 41 0.227254623625167 0.25760562085763 0.515139755517203 0 0
  2 24 2 0 33 0.0218698790139814 0.624211150238834 0.232096161221715 0.12182280952547 0
  2 25 2 0 45 0.415401725074708 0.0711083944580277 0.513489880467264 0 0
  2 26 2 0 28 0.166758661684783 0.277131453804348 0.389584748641304 0.166525135869565 0
  2 27 2 0 47 0.546875 0.0582405533063428 0.301366396761134 0.0935180499325236 0
  2 28 2 0 22 0.201487322818926 0.631563186264724 0.166949490916351 0 0
  2 29 2 0 40 0.140121708110377 0.13665932221173 0.422542230615885 0.300676739062008 0
  2 30 2 0 28 0.148650333520354 0.372108970762421 0.37687800012468 0.102362695592544 0
  2 31 2 0 32 0.0270952640334477 0.417610081410926 0.123117464336714 0.432177190218911 0
  2 32 2 0 40 0.153244465932244 0.380460683081811 0.339261663846393 0.127033187139552 0
  2 33 2 0 43 0.841877165670667 0.0401747602069 0.0601466378747552 0.0578014362476774 0
  2 34 2 0 46 0.544155631250114 0.409894533598062 0.0314104082041567 0.0145394269476675 0
  2 35 2 0 60 0.00843685186002383 0.891779930276687 0.0997832178632894 0 0
  2 36 2 0 49 0.877544241050749 0.0275919470122411 0.0948638119370097 0 0
  2 37 2 0 32 0.0295345485533077 0.84985459735458 0.120610854092112 0 0
  2 38 2 0 30 0.0414771594759635 0.281026328664359 0.619031656005943 0.0584648558537337 0
  2 39 2 0 29 0.03129666348437 0.275354336491151 0.693349000024479 0 0
  2 40 2 0 31 0.0358518688374226 0.182423756019262 0.701284109149278 0.0804402659940381 0
  2 41 2 0 14 0.00298234078527146 0.318312042081533 0.508031185421755 0.170674431711441 0
  2 42 2 0 19 0.00773343517280886 0.879535039144548 0.112731525682643 0 0
  2 2 3 0 3 0 0 0 1 0
  2 3 3 0 3 0 0 0.154344874405974 0 0.845655125594026
  2 4 3 0 7 0 0 0 0.510669353175422 0.489330646824578
  2 5 3 0 1 1 0 0 0 0
  2 6 3 0 14 0.0865502450980392 0.483915441176471 0.42953431372549 0 0
  2 8 3 0 10 0.532566262584754 0.100143825765359 0.367289911649887 0 0
  2 9 3 0 6 0.159919897010442 0 0.840080102989558 0 0
  2 10 3 0 2 0 0 0 0.391197462331483 0.608802537668517
  2 12 3 0 1 0 0 0 1 0
  2 14 3 0 9 1 0 0 0 0
  2 15 3 0 5 0.22118026520129 0 0 0.77881973479871 0
  2 16 3 0 9 0 0.0547307936118439 0.185959961556551 0.588951598061469 0.170357646770137
  2 17 3 0 9 0 0.244998941574936 0.0879022015241321 0 0.667098856900931
  2 18 3 0 13 0.772705707625982 0.0760329214711525 0.151261370902865 0 0
  2 19 3 0 14 0.530748678564406 0.218334701997479 0 0.250916619438115 0
  2 20 3 0 19 0.926217021197217 0.0131573220248348 0.0257425865703289 0.0144289063131517 0.0204541638944678
  2 21 3 0 20 0.600787192641075 0.362152839200425 0.0370599681584999 0 0
  2 22 3 0 23 0.746721393532886 0.0502816255776091 0.138610366139596 0 0.0643866147499091
  2 23 3 0 26 0.93652687680157 0.0387761175932407 0.0129850803851432 0.0117119252200464 0
  2 24 3 0 28 0.948750983915762 0.0270781043470512 0.0241709117371868 0 0
  2 25 3 0 20 0.264172555093086 0.192027231955603 0.543800212951312 0 0
  2 26 3 0 7 0.113688423158948 0.886311576841052 0 0 0
  2 27 3 0 5 1 0 0 0 0
  2 29 3 0 6 1 0 0 0 0
  2 30 3 0 14 0.607047558250878 0.304628151931056 0.0883242898180658 0 0
  2 31 3 0 7 0.0741040249954053 0 0.763977210071678 0.161918764932917 0
  2 32 3 0 20 0.301780347633526 0.210021265751595 0.488198386614879 0 0
  2 33 3 0 18 0.341915911477578 0.387927346272024 0.187494327978945 0.0826624142714532 0
  2 34 3 0 15 0.0847743800832073 0.0529812286877738 0.862244391229019 0 0
  2 35 3 0 28 0.85505776216073 0.0505357902295845 0.073117762300168 0.0212886853095173 0
  2 36 3 0 25 0.491357726434156 0.123539488711236 0.385102784854608 0 0
  2 37 3 0 19 0.207642613359337 0.215126767430522 0.577230619210141 0 0
  2 38 3 0 33 0.819647649990919 0.038443686557827 0.117050430851815 0.024858232599439 0
  2 39 3 0 32 0.0733868191346108 0.162980620475968 0.763632560389421 0 0
  2 40 3 0 34 0.7954084484047 0.0236359411990028 0.180955610396298 0 0
  2 41 3 0 20 0.177095796115709 0.328796197656314 0.465582233876915 0.0285257723510612 0
  2 42 3 0 27 0.304558452014103 0.370533855251104 0.239985008744899 0.0849226839898948 0
  2 1 4 0 44 0.0375218321137407 0.0936423708646399 0.35126915394311 0.352727568544506 0.164839074534003
  2 2 4 0 75 0.0102993534834025 0.0551005994313551 0.243983411506909 0.352161393723175 0.338455241855159
  2 3 4 0 66 0.0679357271944215 0.0525743656162265 0.191543666709574 0.206964286018068 0.48098195446171
  2 4 4 0 54 0.111460684233339 0.0712182581792637 0.267744100698799 0.371448088731034 0.178128868157565
  2 5 4 0 31 0.039468761266828 0.00886153734521221 0.11293547116788 0.334977298168359 0.503756932051721
  2 6 4 0 24 0.0441743426130808 0.121645654299388 0.257327226882108 0.0947439921782535 0.48210878402717
  2 7 4 0 20 0.10453678271341 0.196947966137623 0.321636200450115 0 0.376879050698851
  2 8 4 0 25 0.102911885262085 0.265287200183227 0.0168442334878652 0.216596245429201 0.398360435637622
  2 9 4 0 44 0.0611828663739887 0.129013354811545 0.117554009065448 0.203218066136126 0.489031703612891
  2 10 4 0 36 0.102023633433767 0.162813398638362 0.0741174345858044 0.24284745866184 0.418198074680226
  2 11 4 0 22 0.250386739216702 0.173787152186926 0.28104843320173 0.294777675394642 0
  2 12 4 0 21 0.11632317745062 0.292369951414369 0.0613078253322371 0.139532391074465 0.390466654728309
  2 13 4 0 26 0.461031362917796 0.130782096883469 0.0676095302619693 0.167407689701897 0.173169320234869
  2 14 4 0 35 0.0516836868984296 0.214113442543068 0.303769951353634 0.285662798059195 0.144770121145673
  2 15 4 0 21 0.141735140910594 0.321815858420726 0.0715880075482294 0.371745539953026 0.0931154531674246
  2 16 4 0 30 0.274359158153128 0.120303720806233 0.205007142821213 0.342666787390405 0.05766319082902
  2 17 4 0 40 0.164403180789206 0.209128933668033 0.180269683746429 0.446198201796332 0
  2 18 4 0 42 0.0508285638577894 0.255598437687795 0.391261931888867 0.302311066565549 0
  2 19 4 0 46 0.0348278469268695 0.455714321301683 0.456079909673414 0.0533779220980329 0
  2 20 4 0 37 0.00805793949749524 0.320268037055735 0.496496360443392 0.175177663003379 0
  2 21 4 0 44 0.035347569706191 0.347902763185924 0.359153494427396 0.191821043530219 0.0657751291502694
  2 22 4 0 42 0.0151234674603449 0.345466259770382 0.60019234335174 0.0392179294175328 0
  2 23 4 0 35 0.00703931452544037 0.203898283878433 0.397067554075421 0.323885721771156 0.0681091257495489
  2 24 4 0 26 0 0.0191301786286731 0.60690349924426 0.373966322127067 0
  2 25 4 0 19 0.00901124123001487 0.511597680463907 0.227364092398912 0.252026985907166 0
  2 26 4 0 29 0.00425550631728263 0.0165184020408836 0.388450387247409 0.590775704394424 0
  2 27 4 0 10 0 0.0342839997129954 0.383135872743916 0.582580127543089 0
  2 28 4 0 20 0.00505159380926655 0.0069437595622883 0.47574353473669 0.512261111891756 0
  2 29 4 0 25 0.00488960720091918 0 0.297286782899724 0.697823609899357 0
  2 30 4 0 18 0.00428708582726815 0 0.36403632457644 0.631676589596291 0
  2 31 4 0 24 0.016114004881876 0 0.294459942463604 0.68942605265452 0
  2 32 4 0 21 0.0251963627150137 0.0511380221336822 0.187782171850899 0.735883443300405 0
  2 33 4 0 10 0.0276936506129265 0 0.215765304186117 0.756541045200956 0
  2 34 4 0 12 0.370580580696883 0.0575178054816484 0.161219486690911 0.410682127130558 0
  2 35 4 0 29 0.0597523325430262 0.047254677878793 0.304277892438638 0.588715097139543 0
  2 36 4 0 17 0.244944544404759 0.333028976555576 0.422026479039665 0 0
  2 37 4 0 39 0.118233798742877 0.565199693329492 0.160440637098778 0.156125870828853 0
  2 38 4 0 9 1 0 0 0 0
  2 39 4 0 50 0.153531700034592 0.375933826519156 0.283863234999606 0.186671238446647 0
  2 40 4 0 15 0.0755570013177265 0.153661239545026 0.620704294464998 0.15007746467225 0
  2 41 4 0 7 0.132155542930005 0.208294119432891 0.228157676744458 0.431392660892646 0
  2 42 4 0 9 0 0.180744267523076 0.707777303658454 0.11147842881847 0
# end survey length observations 
#  
# Fishery catch data 
# Number of observations, init_int Ncatch_obs
  168
# init_matrix obs_catch_biomass(1,Ncatch_obs,1,6) 
# Fleet	Area	Year	Species	Catch(biomass t)	CV 
  1 1 1 1 17350.0256202777 0.05
  1 1 2 1 17853.0582765076 0.05
  1 1 3 1 24001.1482556493 0.05
  1 1 4 1 20101.4686548759 0.05
  1 1 5 1 29158.4259626596 0.05
  1 1 6 1 23111.9132190529 0.05
  1 1 7 1 15830.2347563758 0.05
  1 1 8 1 23906.2335842259 0.05
  1 1 9 1 17559.4539075942 0.05
  1 1 10 1 20203.3435924506 0.05
  1 1 11 1 25782.8195811783 0.05
  1 1 12 1 21093.6134103244 0.05
  1 1 13 1 28417.3976726207 0.05
  1 1 14 1 25521.9739872109 0.05
  1 1 15 1 19653.1786062495 0.05
  1 1 16 1 15679.5457910602 0.05
  1 1 17 1 9684.87219051858 0.05
  1 1 18 1 4631.60830501546 0.05
  1 1 19 1 5645.64037219919 0.05
  1 1 20 1 6490.83287586803 0.05
  1 1 21 1 5428.37913841999 0.05
  1 1 22 1 6159.63906817499 0.05
  1 1 23 1 5726.6013940504 0.05
  1 1 24 1 8040.88312839125 0.05
  1 1 25 1 6608.81111708538 0.05
  1 1 26 1 7792.39569235524 0.05
  1 1 27 1 3087.0748664214 0.05
  1 1 28 1 2260.82474229225 0.05
  1 1 29 1 2558.63396553097 0.05
  1 1 30 1 3806.53712219672 0.05
  1 1 31 1 5067.78127029375 0.05
  1 1 32 1 4096.84282185017 0.05
  1 1 33 1 2357.78226345762 0.05
  1 1 34 1 2489.21170471604 0.05
  1 1 35 1 1403.66167371651 0.05
  1 1 36 1 686.986410002788 0.05
  1 1 37 1 1115.64403568413 0.05
  1 1 38 1 1043.38232657067 0.05
  1 1 39 1 883.015820848177 0.05
  1 1 40 1 626.020550314572 0.05
  1 1 41 1 719.155301970205 0.05
  1 1 42 1 374.454652246033 0.05
  2 1 1 2 1346.33379547618 0.05
  2 1 2 2 799.979504605844 0.05
  2 1 3 2 1364.67729816786 0.05
  2 1 4 2 881.777085325514 0.05
  2 1 5 2 1265.66691480758 0.05
  2 1 6 2 1171.05704620398 0.05
  2 1 7 2 736.610230485805 0.05
  2 1 8 2 938.335325957831 0.05
  2 1 9 2 875.2553849 0.05
  2 1 10 2 817.347086103546 0.05
  2 1 11 2 1040.40115105221 0.05
  2 1 12 2 932.400217178829 0.05
  2 1 13 2 2867.05036989973 0.05
  2 1 14 2 1674.05216224225 0.05
  2 1 15 2 906.503727890806 0.05
  2 1 16 2 2300.64480258338 0.05
  2 1 17 2 2007.27559099622 0.05
  2 1 18 2 25.0015194481519 0.05
  2 1 19 2 3608.59354195378 0.05
  2 1 20 2 6493.87097851048 0.05
  2 1 21 2 17815.5229322986 0.05
  2 1 22 2 15924.7981827493 0.05
  2 1 23 2 10632.3080334932 0.05
  2 1 24 2 29178.8898051922 0.05
  2 1 25 2 11800.8626457634 0.05
  2 1 26 2 15249.980495185 0.05
  2 1 27 2 12575.6407879655 0.05
  2 1 28 2 10829.3858811569 0.05
  2 1 29 2 11731.4569578417 0.05
  2 1 30 2 8470.24704169314 0.05
  2 1 31 2 8653.7023295754 0.05
  2 1 32 2 17570.2678609805 0.05
  2 1 33 2 12251.3232361036 0.05
  2 1 34 2 21914.3642171266 0.05
  2 1 35 2 23370.2574833911 0.05
  2 1 36 2 24659.0697023952 0.05
  2 1 37 2 21763.8145580952 0.05
  2 1 38 2 20662.8132662469 0.05
  2 1 39 2 12412.1623909705 0.05
  2 1 40 2 8697.22891843343 0.05
  2 1 41 2 6657.84639408822 0.05
  2 1 42 2 1729.10774176494 0.05
  3 1 1 3 483.689109068294 0.05
  3 1 2 3 260.393258699526 0.05
  3 1 3 3 355.313876219743 0.05
  3 1 4 3 399.817458663356 0.05
  3 1 5 3 2915.90067089953 0.05
  3 1 6 3 3557.06707042192 0.05
  3 1 7 3 2672.92033229518 0.05
  3 1 8 3 2631.05181802578 0.05
  3 1 9 3 3441.35099451754 0.05
  3 1 10 3 2482.60272880099 0.05
  3 1 11 3 3378.66014955699 0.05
  3 1 12 3 621.243669734912 0.05
  3 1 13 3 2869.34065669349 0.05
  3 1 14 3 1446.60442488624 0.05
  3 1 15 3 1235.47099486385 0.05
  3 1 16 3 1085.38437039687 0.05
  3 1 17 3 17376.2779990742 0.05
  3 1 18 3 1312.97491972068 0.05
  3 1 19 3 926.526901557613 0.05
  3 1 20 3 736.711727125306 0.05
  3 1 21 3 455.441956446405 0.05
  3 1 22 3 2307.75472932644 0.05
  3 1 23 3 968.378460218318 0.05
  3 1 24 3 197.980054545155 0.05
  3 1 25 3 842.202321428438 0.05
  3 1 26 3 2059.73479225169 0.05
  3 1 27 3 2663.00058762521 0.05
  3 1 28 3 615.994244981639 0.05
  3 1 29 3 1559.50333978949 0.05
  3 1 30 3 2216.07421424252 0.05
  3 1 31 3 1678.45840497098 0.05
  3 1 32 3 672.64654367941 0.05
  3 1 33 3 153.205957674883 0.05
  3 1 34 3 122.758551533118 0.05
  3 1 35 3 131.698407415538 0.05
  3 1 36 3 2097.54417488934 0.05
  3 1 37 3 2229.47327552718 0.05
  3 1 38 3 993.536995459745 0.05
  3 1 39 3 870.430486816184 0.05
  3 1 40 3 1328.68471750978 0.05
  3 1 41 3 979.123788454434 0.05
  3 1 42 3 258.827604232194 0.05
  4 1 1 4 6005.5381350045 0.05
  4 1 2 4 5000.39744939462 0.05
  4 1 3 4 6958.30020298246 0.05
  4 1 4 4 6847.20442048414 0.05
  4 1 5 4 8671.53952595457 0.05
  4 1 6 4 8372.18047930161 0.05
  4 1 7 4 6544.63739484756 0.05
  4 1 8 4 6711.06446822866 0.05
  4 1 9 4 6690.77420571481 0.05
  4 1 10 4 7019.43314900859 0.05
  4 1 11 4 8509.97817487895 0.05
  4 1 12 4 11244.7410747459 0.05
  4 1 13 4 16334.9543808152 0.05
  4 1 14 4 16999.7020929718 0.05
  4 1 15 4 10547.3831228215 0.05
  4 1 16 4 6565.34633465736 0.05
  4 1 17 4 15561.1465363664 0.05
  4 1 18 4 8486.16698131269 0.05
  4 1 19 4 9356.91464028691 0.05
  4 1 20 4 13635.403932731 0.05
  4 1 21 4 5734.67601533309 0.05
  4 1 22 4 5230.32299451817 0.05
  4 1 23 4 9756.70737253154 0.05
  4 1 24 4 8872.45130580666 0.05
  4 1 25 4 7961.31488085209 0.05
  4 1 26 4 5737.33068886666 0.05
  4 1 27 4 4002.17763302246 0.05
  4 1 28 4 1970.38804364801 0.05
  4 1 29 4 6265.93263869158 0.05
  4 1 30 4 3864.16370814335 0.05
  4 1 31 4 2272.16005379502 0.05
  4 1 32 4 4078.18235642461 0.05
  4 1 33 4 3169.58171955526 0.05
  4 1 34 4 3606.96382159409 0.05
  4 1 35 4 4524.17873746803 0.05
  4 1 36 4 3349.65815475033 0.05
  4 1 37 4 5238.85366428384 0.05
  4 1 38 4 4738.63877808637 0.05
  4 1 39 4 6350.33841593054 0.05
  4 1 40 4 5083.74387194457 0.05
  4 1 41 4 3783.24165278369 0.05
  4 1 42 4 2868.57019491606 0.05
# end catch observations 
#  
# Fishery size comp data 
# Number of observations, init_int Ncatch_size_obs 
  166
# init_matrix obs_catch_size(1,Ncatch_size_obs,1,ncol) 
# Fleet Area  Year  Species Type (0=whole, 1=retained, 2=discard) InpN, proportion by size bin 
  1 1 1 1 0 81 0 0.0869175425951779 0.669301923809444 0.228886265933223 0.0148942676621554
  1 1 2 1 0 73 0 0.120850616604185 0.372905831705547 0.405967211387912 0.100276340302356
  1 1 3 1 0 65 0.000231705955097959 0.178362398773494 0.578388357409267 0.211775455913469 0.0312420819486718
  1 1 4 1 0 56 0 0.182825576625536 0.607067517610118 0.178160252081718 0.031946653682628
  1 1 5 1 0 120 0.00191165044462355 0.301937943973785 0.468337616213378 0.177089985855646 0.050722803512567
  1 1 6 1 0 130 0 0.167208986221947 0.603174924500711 0.183204654839719 0.0464114344376231
  1 1 7 1 0 94 0 0.0998608033463863 0.546166460760211 0.278069792997276 0.0759029428961269
  1 1 8 1 0 94 0 0.272058795905051 0.465518698004569 0.20735106642257 0.0550714396678101
  1 1 9 1 0 82 0 0.201323767484567 0.589278231733192 0.149840367851125 0.0595576329311156
  1 1 10 1 0 76 0 0.307813425925294 0.507095005744639 0.15100766139831 0.0340839069317562
  1 1 11 1 0 74 0 0.0950043485754841 0.697554976943661 0.172079423037739 0.035361251443116
  1 1 12 1 0 65 0 0.0617095701565816 0.644473186841246 0.264617047370797 0.0292001956313753
  1 1 13 1 0 77 0.00849978522920629 0.151548180168555 0.66429369014589 0.156007498754722 0.019650845701627
  1 1 14 1 0 88 0 0.066690402750978 0.623372700444299 0.261958025489662 0.0479788713150617
  1 1 15 1 0 66 0 0.170670685953794 0.554350008518548 0.227990854736241 0.0469884507914175
  1 1 16 1 0 69 0 0.0841287707710094 0.706986926551385 0.163694092093775 0.0451902105838301
  1 1 17 1 0 43 0.0157472928943295 0.057192902043371 0.596576007501596 0.292777523406407 0.0377062741542963
  1 1 18 1 0 34 0 0.114716349836928 0.608327000955329 0.256699002355533 0.0202576468522095
  1 1 19 1 0 55 0.0051076238592314 0.0594040326359854 0.572027876258365 0.331111507572834 0.0323489596735842
  1 1 20 1 0 64 0 0.0673714055902592 0.57893686130025 0.32352694149153 0.0301647916179608
  1 1 21 1 0 77 0 0.131939876854127 0.6095366956338 0.234437844734377 0.0240855827776962
  1 1 22 1 0 67 0 0.0631172232696065 0.702858652078156 0.212725753409836 0.0212983712424011
  1 1 23 1 0 133 0 0.0681523243868729 0.633538899075154 0.270845831799448 0.0274629447385257
  1 1 24 1 0 98 0 0.0830492693369329 0.709161207485648 0.185560004615874 0.0222295185615455
  1 1 25 1 0 91 0 0.0380878770146348 0.61407790292133 0.308968623611049 0.0388655964529862
  1 1 26 1 0 77 0 0.00611267291751532 0.532256886704008 0.416916517874505 0.0447139225039711
  1 1 27 1 0 102 0 8.12384180241912e-05 0.457303933287921 0.467164397878339 0.0754504304157156
  1 1 28 1 0 76 0 0.000124873263731258 0.456968881889175 0.495060837957481 0.0478454068896128
  1 1 29 1 0 110 0 0.000338527038038329 0.667292910679918 0.307109992982106 0.0252585692999374
  1 1 30 1 0 100 0 0 0.692075183572388 0.297846862913001 0.0100779535146107
  1 1 31 1 0 108 0 0.000206954005302414 0.768730705708858 0.221422588334013 0.00963975195182682
  1 1 32 1 0 118 0 0.000121343112703449 0.616293647237604 0.371379368237719 0.0122056414119737
  1 1 33 1 0 129 0 0.000835117204063903 0.672241150340876 0.314842383315078 0.012081349139982
  1 1 34 1 0 90 0 0.000980583463504406 0.648589831019486 0.328784122550983 0.0216454629660263
  1 1 35 1 0 69 0 0.000817713900055879 0.72865084453891 0.255714258600551 0.0148171829604825
  1 1 36 1 0 80 0 0.0622045369918057 0.792645312946717 0.136156009860152 0.00899414020132627
  1 1 37 1 0 62 0 0.0540139109730226 0.791129105439078 0.150623963455154 0.0042330201327454
  1 1 38 1 0 94 0 0.0772593667610454 0.666711891922252 0.24768976263964 0.0083389786770628
  1 1 39 1 0 75 0 0.0788382618776353 0.652614718975185 0.253921647143688 0.0146253720034922
  1 1 40 1 0 75 0 0.00154106212165024 0.453165868270918 0.514542561889887 0.0307505077175443
  1 1 41 1 0 35 0 0.000450449027008116 0.391877470915713 0.559034470687568 0.0486376093697104
  1 1 42 1 0 22 0 0.0222630867757667 0.398270090939454 0.489175470042903 0.0902913522418761
  2 1 1 2 0 2 0.106198366871522 0.121272774478999 0.204057406493616 0.339418530663949 0.229052921491914
  2 1 2 2 0 5 0.243294454678879 0.287071453756863 0.181044706903226 0.182124223199603 0.106465161461429
  2 1 3 2 0 2 0.0434092986080199 0.108514877968532 0.590127666014549 0.183599308865175 0.0743488485437239
  2 1 4 2 0 5 0.0404300714433609 0.0905251407790361 0.162951553308813 0.631986350760247 0.0741068837085424
  2 1 5 2 0 5 0.210307805441882 0.090244771010921 0.104402095222711 0.367320519595766 0.22772480872872
  2 1 6 2 0 5 0.316840432697232 0.26463276966594 0.201550054252424 0.137822955785414 0.0791537875989904
  2 1 7 2 0 5 0.0488440496431221 0.110480666468444 0.319553226800991 0.43662234453655 0.0844997125508927
  2 1 8 2 0 1 0.208043973595494 0.123917997522424 0.196415230616195 0.388799721845877 0.0828230764200096
  2 1 9 2 0 5 0.0529816401248061 0.119613176306623 0.429923748846652 0.261407256220623 0.136074178501296
  2 1 10 2 0 5 0.178357308504551 0.11856526089667 0.374758006242456 0.306488719225825 0.0218307051304973
  2 1 11 2 0 2 0.124788718709054 0.265623684177514 0.2427309623116 0.325720309465568 0.0411363253362642
  2 1 12 2 0 5 0.20215862597806 0.10577733255165 0.214536951289961 0.24479711229862 0.232729977881708
  2 1 13 2 0 5 0.0134113796627864 0.156614148818749 0.326905973245619 0.366400441829183 0.136668056443663
  2 1 14 2 0 5 0.00213759898432273 0.0731478580138288 0.310819868065001 0.478930961991206 0.134963712945641
  2 1 15 2 0 5 0.0572235883978327 0.224170218088013 0.163290108796175 0.427225250600999 0.128090834116979
  2 1 16 2 0 5 0.110039500169354 0.200001082684491 0.215638490011704 0.437029812905929 0.0372911142285223
  2 1 17 2 0 5 0.005 0.1425 0.3775 0.4425 0.0325
  2 1 18 2 0 5 0 0.0327868852459016 0.202868852459016 0.743852459016393 0.0204918032786885
  2 1 19 2 0 5 0.0269919392943055 0.153024552077078 0.248428836984507 0.538502832565892 0.033051839078217
  2 1 20 2 0 30 0.00111291258960288 0.143407504523071 0.542789726708907 0.299798050968855 0.0128918052095643
  2 1 21 2 0 46 0.0282839992084671 0.19024485286688 0.511721062651516 0.260653898114414 0.00909618715872287
  2 1 22 2 0 10 0.0050638319862549 0.132163099738464 0.47009537238217 0.389338617807057 0.00333907808605463
  2 1 23 2 0 19 1.75196876315376e-05 0.120177224269546 0.388307518766607 0.485699949453438 0.00579778782277697
  2 1 24 2 0 61 0.000268509825325005 0.0892717138457695 0.497255545522685 0.404048871697448 0.00915535910877298
  2 1 25 2 0 29 0.00724748831680165 0.0828083088322391 0.393362653421266 0.509761250161841 0.00682029926785206
  2 1 26 2 0 32 0.00122020634258809 0.233855808065885 0.312019678774522 0.445841234093307 0.00706307272369786
  2 1 27 2 0 16 0.00462014434239365 0.211366049797585 0.516072091340533 0.262837408217921 0.0051043063015671
  2 1 28 2 0 31 0 0.080523417946711 0.604995171996374 0.310842805938495 0.00363860411842044
  2 1 29 2 0 44 0.000101653726512851 0.0786579723790903 0.476755816468677 0.436013830920303 0.00847072650541747
  2 1 30 2 0 29 0.00138829404430806 0.170049437237404 0.540375236914336 0.285014408360675 0.00317262344327714
  2 1 31 2 0 25 0 0.0159534785931127 0.414258957940332 0.554789565148672 0.0149979983178833
  2 1 32 2 0 22 0.000500728789238024 0.108102774963328 0.270941399461826 0.611137509216227 0.00931758756938075
  2 1 33 2 0 35 0.0193416647480399 0.351375892487419 0.286326629898246 0.335419480303225 0.00753633256306969
  2 1 34 2 0 28 0.00126117358251502 0.209962197001599 0.734200354874062 0.0538444637545789 0.00073181078724532
  2 1 35 2 0 45 0.0002028481493739 0.129483195670439 0.782093768205381 0.0873853445394475 0.000834843435359503
  2 1 36 2 0 51 0.011104967824803 0.109806713714322 0.633642362579742 0.245249616674906 0.000196339206226383
  2 1 37 2 0 41 0.000417481856987055 0.0537357116520877 0.618436909702735 0.32726844473184 0.000141452056349962
  2 1 38 2 0 36 0.0015579088119911 0.0888129590953571 0.388223948177012 0.521026295690009 0.000378888225630538
  2 1 39 2 0 20 0 0.10246274381505 0.258787880175449 0.638328926331869 0.000420449677631722
  2 1 40 2 0 14 8.86218318529304e-05 0.0519733291877609 0.39580822135147 0.551502588141106 0.000627239487810114
  2 1 41 2 0 17 0 0.108842561247529 0.197643695617225 0.691032360461625 0.00248138267362191
  2 1 42 2 0 24 0.0269687884406229 0.028256652376298 0.278519885210065 0.647445680244398 0.0188089937286163
  3 1 1 3 0 1 0 0.150835168740367 0.111790188780039 0.645340576876154 0.0920340656034396
  3 1 2 3 0 5 0 0.00313353114807006 0.00239622970146534 0.39274171902466 0.601728520125805
  3 1 3 3 0 5 0.0135658323325818 0.125362424510039 0.288737384488459 0.17691732104564 0.39541703762328
  3 1 4 3 0 1 0.105932186646734 0.188803691011342 0.11673640755365 0.105273769666856 0.483253945121418
  3 1 5 3 0 6 0.00794397320832634 0.026890594111074 0.10532001704605 0.161078847783244 0.698766567851306
  3 1 6 3 0 4 0.0425095562746567 0.0655684763300684 0.304860643327444 0.0725567641960093 0.514504559871822
  3 1 7 3 0 5 0.0160943418310569 0.17198104033728 0.505961754155658 0.145898789320988 0.160064074355018
  3 1 8 3 0 1 0 0.00524508307487197 0.51036037747398 0.277558845394554 0.206835694056594
  3 1 9 3 0 1 0.00557252076769611 0.325292924366102 0.188156115875183 0.379594968592925 0.101383470398093
  3 1 10 3 0 1 0.128945354415903 0.560325523001753 0.126154922351837 0.172359305798562 0.0122148944319442
  3 1 11 3 0 2 0.000484485145578957 0.0177281692472389 0.219444488527443 0.657606701314312 0.104736155765427
  3 1 12 3 0 5 0.0045425408670491 0.0553754442546194 0.149976313982511 0.605321633095295 0.184784067800525
  3 1 13 3 0 4 0.0107447449437706 0.111849255912184 0.338453984218313 0.29752120471982 0.241430810205911
  3 1 14 3 0 8 0.00108088486875982 0.00602140916429582 0.27514477141131 0.476055122018403 0.241697812537231
  3 1 15 3 0 11 0.000589264681997666 0.0700988394261476 0.164052708064711 0.601959839912801 0.163299347914343
  3 1 16 3 0 5 0.0691562479967377 0.217823072822298 0.228861765677765 0.346041950087834 0.138116963415366
  3 1 17 3 0 5 0 0.0260820056974331 0.537496953826113 0.42205493784951 0.0143661026269446
  3 1 18 3 0 1 0.0139017974327265 0.16236851313877 0.189576388060127 0.360243925749094 0.273909375619282
  3 1 19 3 0 1 0.0331724958421846 0.0648239133674571 0.425647369222481 0.438802997991409 0.0375532235764679
  3 1 20 3 0 4 0.041190276934698 0.0367826690382053 0.337618146490203 0.434854644749908 0.149554262786985
  3 1 21 3 0 3 0.00463378530579326 0.154427390178001 0.367836121946122 0.409400377841143 0.0637023247289404
  3 1 22 3 0 4 0 0.0430343974424875 0.399688214936403 0.468637874202942 0.0886395134181675
  3 1 23 3 0 3 0.00312379729735637 0.134618717601642 0.322251509219081 0.466028275518264 0.0739777003636573
  3 1 24 3 0 3 0 0.126079820582384 0.27626718242359 0.372855472334983 0.224797524659043
  3 1 25 3 0 2 0.0222293141823627 0.0920419464887194 0.787427869993166 0.0733368341991141 0.0249640351366383
  3 1 26 3 0 4 0.189609432545657 0.0776447965135749 0.492601550084241 0.222444201842767 0.0177000190137596
  3 1 27 3 0 5 0.234460069730665 0.203485193625461 0.47542798282523 0.0846957899964245 0.00193096382221894
  3 1 28 3 0 4 0.0107646142389839 0.443011062467703 0.412396958851636 0.127172448097776 0.00665491634390076
  3 1 29 3 0 4 0.00396805040197842 0.0999731787913836 0.724125869002527 0.159689320554153 0.0122435812499579
  3 1 30 3 0 24 0.014801527410093 0.242223927496576 0.452766447390586 0.271331475392574 0.0188766223101708
  3 1 31 3 0 10 0.0443662310650548 0.10305384797835 0.615507680261847 0.2294048326565 0.00766740803824815
  3 1 32 3 0 12 0.0027067761396286 0.330311189024328 0.453769606908803 0.212709674114241 0.000502753812999743
  3 1 33 3 0 4 0.00934806024949732 0.429115644267646 0.475371194394729 0.0857221270521634 0.000442974035964184
  3 1 34 3 0 6 0.559086771832058 0.30099894047557 0.123816120352766 0.0156745313569846 0.000423635982621206
  3 1 35 3 0 2 0.0200011774436652 0.336844825642968 0.490269794943265 0.152877704550196 6.49741990575897e-06
  3 1 36 3 0 10 0.00886180271264213 0.190657669328784 0.761896731339726 0.037948450830269 0.000635345788578732
  3 1 37 3 0 9 0.10246984673753 0.316159956482106 0.525765013027788 0.0556051837525764 0
  3 1 38 3 0 13 0.149760057536095 0.120554046335029 0.627342848701238 0.100647334996581 0.0016957124310576
  3 1 39 3 0 16 0.0193072710760463 0.422064406948594 0.486693948193066 0.0719343737822937 0
  3 1 40 3 0 27 0.10235106611244 0.709941413669947 0.181776705549258 0.00591437796343065 1.64367049237559e-05
  3 1 41 3 0 15 0.00733118104121417 0.551290722819807 0.42551270821574 0.0157701829349631 9.52049882761412e-05
  3 1 42 3 0 16 0.00846602882281523 0.27103481936705 0.666461111944149 0.0534317431901919 0.000606296675793693
  4 1 2 4 0 5 0 0 0.0456852791878173 0.406091370558376 0.548223350253807
  4 1 4 4 0 5 0 0 0.37 0.36 0.27
  4 1 5 4 0 5 0 0 0.00710227272727273 0.0696022727272727 0.923295454545454
  4 1 6 4 0 5 0 0 0.00203252032520325 0.182926829268293 0.815040650406504
  4 1 7 4 0 5 0 0 0.00223380491437081 0.133283693224125 0.864482501861504
  4 1 8 4 0 5 0 0 0.00774647887323944 0.191549295774648 0.800704225352113
  4 1 9 4 0 5 0.00995024875621891 0.00298507462686567 0.00895522388059702 0.153233830845771 0.824875621890547
  4 1 10 4 0 5 0 0 0.0131221976824299 0.304179066866923 0.682698735450647
  4 1 11 4 0 1 0 0 0.0013869625520111 0.198335644937587 0.800277392510402
  4 1 12 4 0 5 0 0 0.000709219858156029 0.25177304964539 0.747517730496454
  4 1 13 4 0 1 0 0 0.00117575058478514 0.236902257328485 0.76192199208673
  4 1 14 4 0 2 0.00842303692027471 0 0.105125196483736 0.313701371445847 0.572750395150142
  4 1 15 4 0 8 0 0 0.000596989012446936 0.318130328386023 0.681272682601531
  4 1 16 4 0 3 0 0 0.000783541354758775 0.422455849691222 0.576760608954019
  4 1 17 4 0 3 0 0 0.00444405002656741 0.586849422360156 0.408706527613276
  4 1 18 4 0 1 0 0 0.037364757704181 0.657023797324566 0.305611444971253
  4 1 19 4 0 3 0.0400048910517075 0 0.230330235315432 0.626148238652311 0.10351663498055
  4 1 20 4 0 3 0 0 0.241978609625669 0.724598930481283 0.0334224598930481
  4 1 21 4 0 3 0 0.0279313349806857 0.35279900953961 0.538021403233737 0.0812482522459672
  4 1 22 4 0 2 0 0 0.440670661557749 0.519155083423139 0.0401742550191117
  4 1 23 4 0 6 0 0.00178635226866738 0.309038942479457 0.653447659878528 0.0357270453733476
  4 1 24 4 0 1 0 0 0.114785176142911 0.80843669043666 0.0767781334204291
  4 1 25 4 0 1 0 0 0.0320403956522587 0.847660184723844 0.120299419623897
  4 1 26 4 0 2 0 0 0.252343984050394 0.660537433762967 0.0871185821866385
  4 1 27 4 0 2 0 0 0.0122277577095026 0.788832435729792 0.198939806560705
  4 1 28 4 0 4 0 0.000324983596346058 0.164441249326705 0.732996006935828 0.102237760141121
  4 1 29 4 0 7 0 0.000169492598185232 0.147358031172985 0.765989937493247 0.0864825387355828
  4 1 30 4 0 6 0.000574735451698814 0 0.141144498061009 0.744182384379673 0.114098382107619
  4 1 31 4 0 10 0 0 0.0500345379517868 0.814522248877181 0.135443213171032
  4 1 32 4 0 7 0 0 0.0717259576458083 0.795123837050645 0.133150205303547
  4 1 33 4 0 15 0.00169024204555135 0.000241463149364479 0.085390141810169 0.739471453688264 0.173206699306651
  4 1 34 4 0 19 0 0.000529504887568661 0.239839714406434 0.643389427603368 0.116241353102629
  4 1 35 4 0 13 0 0.000387526170433129 0.0558848571727944 0.693215031597683 0.250512585059089
  4 1 36 4 0 23 0 0.000524455541619863 0.0168021071047044 0.7247794529087 0.257893984444975
  4 1 37 4 0 7 0 0.000243522710662807 0.0545542134073152 0.703759153370222 0.2414431105118
  4 1 38 4 0 7 0 0.000351036299818142 0.148002847556682 0.733328247749214 0.118317868394286
  4 1 39 4 0 19 0.0009702580012501 0.00038810320050004 0.0843588294130288 0.736706373227839 0.177576436157382
  4 1 40 4 0 25 0 0.000358680057388809 0.10096843615495 0.73941893830703 0.159253945480631
  4 1 41 4 0 31 0 0.000981646758983481 0.176992632726406 0.643081710145146 0.178944010369464
  4 1 42 4 0 31 0 0 0.12676894849918 0.722051991333302 0.151179060167518
# end fishery length observations 
#  
# Survey diet proportion observations 
# Number of observations, init_int Ndietprop_obs 
  134
# init_matrix obs_dietprop(1,Ndietprop_obs,1,ncol) 
# Survey  Year  Predator  Predator_size InpN  wt_prey_1 wt_prey_2 wt_prey_3 wt_prey_4 wt_prey_5 wt_prey_6 wt_prey_7 wt_prey_8 wt_prey_9 wt_prey_10 wt_prey_11 other 
  1 12 1 2 100 0.0164128066848468 0 0 0 0.983587193315153
  1 12 1 3 100 0.0296108291032149 0 0 0 0.970389170896785
  1 12 1 4 100 0.614282057844894 0 0 0 0.385717942155106
  1 13 1 3 100 0 0.152381046084616 0 0 0.847618953915384
  1 13 1 4 100 0 0.316721341868501 0 0 0.683278658131499
  1 13 1 5 100 0 0.966708960183675 0 0 0.0332910398163254
  1 15 1 3 100 0 0.0542161632801471 0 0 0.945783836719853
  1 18 1 1 100 0.457061745919092 0 0 0 0.542938254080908
  1 18 1 2 100 0 0.0031451467915676 0 0 0.996854853208432
  1 18 1 3 100 0.0180097512866044 0.108058507719626 0 0 0.873931740993769
  1 18 1 4 100 0 0.106556541246049 0 0 0.893443458753951
  1 19 1 2 100 0 0.292124075185473 0 0 0.707875924814527
  1 19 1 3 100 0 0.181784737624378 0 0 0.818215262375622
  1 19 1 4 100 0 0.169396012452077 0 0 0.830603987547923
  1 20 1 3 100 0 0.111454328530275 0 0 0.888545671469725
  1 21 1 3 100 0 0.208451551460011 0 0 0.791548448539989
  1 21 1 4 100 0 0.146650626477152 0.00202276726175383 0 0.851326606261094
  1 24 1 3 100 0 0.40734705969486 0 0 0.59265294030514
  1 25 1 3 100 0 0.595828080141008 0 0 0.404171919858992
  1 26 1 3 100 0 0.427852726954171 0.290466297900033 0 0.281680975145796
  1 26 1 4 100 0 0 0.199829774636421 0 0.800170225363579
  1 27 1 3 100 0 0.374802753766879 0.210135314407005 0 0.415061931826116
  1 28 1 3 100 0 0.442347390150398 0 0 0.557652609849602
  1 28 1 4 100 0 0.779727095516569 0 0 0.220272904483431
  1 33 1 3 100 0 0.196522153406384 0 0 0.803477846593616
  1 34 1 3 100 0 0.308639804900826 0 0 0.691360195099174
  1 35 1 4 100 0 1 0 0 0
  1 38 1 3 100 0 0.11990464122583 0 0 0.88009535877417
  1 39 1 3 100 0 0.40983606557377 0 0 0.590163934426229
  1 40 1 2 100 0 0.495185694635488 0 0 0.504814305364512
  1 41 1 3 100 0 0 0.22073237871296 0 0.77926762128704
  2 2 1 5 100 1 0 0 0 0
  2 11 1 4 100 0 0.189118448093484 0 0 0.810881551906516
  2 14 1 3 100 0 0.0694913580162528 0 0 0.930508641983747
  2 14 1 4 100 0 0.00999881437949535 0 0 0.990001185620505
  2 14 1 5 100 0 0 0 0.0182773752938318 0.981722624706168
  2 15 1 4 100 0 0.184472754793138 0 0 0.815527245206862
  2 16 1 4 100 0 0.557323688969259 0 0 0.442676311030741
  2 16 1 5 100 0 0.376736519896397 0 0 0.623263480103603
  2 19 1 4 100 0 0.228976145806936 0.0200807338588299 0 0.750943120334234
  2 19 1 5 100 0 0.409269662921348 0 0 0.590730337078652
  2 21 1 3 100 0 0.0444351667742295 0.169305381276529 0 0.786259451949242
  2 21 1 4 100 0 0.310271247742176 0.0040984949554984 0 0.685630257302326
  2 21 1 5 100 0 0 0.156008432888264 0 0.843991567111736
  2 22 1 4 100 0 0.494349878415105 0 0 0.505650121584895
  2 23 1 3 100 0 0 0.0438017043672464 0 0.956198295632754
  2 23 1 4 100 0 0.243097538486442 0.0585584626479594 0 0.698343998865599
  2 24 1 3 100 0 0.207790932385817 0.0677251224166897 0 0.724483945197494
  2 24 1 5 100 0 0.941176470588235 0 0 0.0588235294117647
  2 25 1 2 100 0 0.0740709566095703 0 0 0.92592904339043
  2 25 1 4 100 0 0.264880499314964 0 0 0.735119500685036
  2 26 1 4 100 0 0.177221215283499 0 0 0.822778784716501
  2 27 1 3 100 0.0153072681059575 0.0591417176821085 0 0 0.925551014211934
  2 27 1 5 100 0 0.123076923076923 0 0 0.876923076923077
  2 29 1 3 100 0 0.092307672536506 0 0 0.907692327463494
  2 29 1 4 100 0 0.123355921885263 0 0 0.876644078114737
  2 33 1 3 100 0 0.115029101594593 0 0 0.884970898405407
  2 35 1 1 100 0 0.592193808882907 0 0 0.407806191117093
  2 35 1 2 100 0 0.342491622174964 0 0 0.657508377825036
  2 35 1 3 100 0 0.109851681607519 0.0993633300972534 0 0.790784988295228
  2 35 1 4 100 0 0.0957854406130268 0 0 0.904214559386973
  2 36 1 3 100 0 0.56887757282379 0 0 0.43112242717621
  2 39 1 3 100 0 0 0.190373913892414 0 0.809626086107586
  2 40 1 3 100 0 0 0.0925379010906601 0 0.90746209890934
  1 8 4 2 100 0.0423596768338979 0 0 0 0.957640323166102
  1 8 4 3 100 0.0105263157894737 0 0 0 0.989473684210526
  1 11 4 3 100 0 0.00577204467946371 0 0 0.994227955320536
  1 13 4 2 100 0 0.00601580939366018 0 0 0.99398419060634
  1 13 4 3 100 0 0.374531835205992 0 0 0.625468164794008
  1 13 4 4 100 0 0.548141086749285 0 0 0.451858913250715
  1 13 4 5 100 0 0.240486878781914 0.0961947515127656 0 0.66331836970532
  1 14 4 4 100 0 0.106959690415593 0 0 0.893040309584407
  1 15 4 3 100 0 0.235193996942872 0 0 0.764806003057128
  1 15 4 4 100 0 0.751370427686165 0 0 0.248629572313835
  1 15 4 5 100 0 0.454789703365892 0 0 0.545210296634108
  1 16 4 4 100 0 0.884520884520884 0 0 0.115479115479116
  1 16 4 5 100 0 0.751215201060539 0 0 0.248784798939461
  1 17 4 3 100 0 0.0156919142878144 0 0 0.984308085712186
  1 18 4 4 100 0 0.441113377905715 0 0 0.558886622094285
  1 19 4 1 100 0 0.54140127388535 0 0 0.45859872611465
  1 19 4 4 100 0 0.190062449090415 0 0 0.809937550909585
  1 20 4 1 100 0 0 0.403475935828877 0 0.596524064171123
  1 20 4 3 100 0 0.0559290237188108 0 0 0.944070976281189
  1 21 4 3 100 0 0.14265619866316 0 0 0.85734380133684
  1 21 4 4 100 0 0.530625354064389 0 0 0.469374645935611
  1 22 4 2 100 0 0 0.181427970092657 0 0.818572029907343
  1 23 4 3 100 0 0.333546121927865 0 0 0.666453878072135
  1 24 4 4 100 0 0 0 0.062849439302186 0.937150560697814
  1 25 4 3 100 0 0 0.0344951591560557 0 0.965504840843944
  1 25 4 5 100 0 1 0 0 0
  1 26 4 3 100 0 0.00911098840419658 0 0 0.990889011595803
  1 26 4 4 100 0 0.0636942675159236 0 0 0.936305732484076
  1 27 4 2 100 0 0.553038587720669 0 0 0.446961412279331
  1 27 4 4 100 0 0.598864041721305 0 0 0.401135958278695
  1 28 4 2 100 0 0 0.416462783563087 0 0.583537216436913
  1 28 4 3 100 0 0.21914308359632 0.267835760203392 0 0.513021156200288
  1 28 4 4 100 0 0.125305939160411 0 0 0.874694060839589
  1 29 4 4 100 0 0.0703988693418397 0 0 0.92960113065816
  1 31 4 4 100 0 0.474782706735326 0 0 0.525217293264674
  1 31 4 5 100 0 0.356819441253193 0 0 0.643180558746807
  1 34 4 3 100 0 0.0897424370019215 0.0598282913346143 0 0.850429271663464
  1 40 4 3 100 0 0 0.364372469635628 0 0.635627530364372
  1 40 4 5 100 0 0 0.75 0 0.25
  1 42 4 4 100 0 0.179640718562874 0 0 0.820359281437126
  2 6 4 3 100 0 0 0.143776197619778 0 0.856223802380222
  2 6 4 4 100 0 0 0.0560438866743342 0 0.943956113325666
  2 8 4 3 100 0 0 0.114956810574509 0 0.885043189425491
  2 8 4 4 100 0 0 0.107567012177822 0 0.892432987822178
  2 9 4 5 100 0 0 0 0.0172409121976245 0.982759087802375
  2 14 4 5 100 0.0516181296410481 0 0 0 0.948381870358952
  2 15 4 4 100 0 0.0215903888577703 0 0 0.97840961114223
  2 16 4 3 100 0 0.0717991308204987 0 0 0.928200869179501
  2 17 4 2 100 0 0.0642600132064733 0 0 0.935739986793527
  2 18 4 3 100 0 0.0387693011333119 0 0 0.961230698866688
  2 19 4 3 100 0 0.13115361663728 0 0 0.86884638336272
  2 19 4 4 100 0 0.145196182090822 0 0 0.854803817909178
  2 21 4 3 100 0 0.164181107637744 0 0 0.835818892362256
  2 22 4 4 100 0 0.309591477462483 0 0 0.690408522537517
  2 23 4 4 100 0 0.190972503874621 0.0763890015498484 0 0.732638494575531
  2 24 4 3 100 0 0.376132672251667 0.520764640272248 0 0.103102687476085
  2 24 4 4 100 0 0.233053845988892 0.0735959513649133 0 0.693350202646195
  2 25 4 4 100 0 0.27120315581854 0 0 0.72879684418146
  2 25 4 5 100 0 0 0.8 0 0.2
  2 27 4 4 100 0 0.251567532541785 0 0 0.748432467458215
  2 30 4 4 100 0 0.259511243932939 0 0 0.740488756067061
  2 33 4 4 100 0 0.416666666666667 0 0 0.583333333333333
  2 34 4 3 100 0 1 0 0 0
  2 35 4 3 100 0 0.673316708229426 0 0 0.326683291770574
  2 35 4 4 100 0 0.724137931034483 0 0 0.275862068965517
  2 36 4 2 100 0 0.605326876513317 0 0 0.394673123486683
  2 36 4 3 100 0 0.798722044728435 0 0 0.201277955271565
  2 37 4 3 100 0 0.518739463104656 0 0 0.481260536895344
  2 42 4 3 100 0 0 0.621359223300971 0 0.378640776699029
  2 42 4 4 100 0 0 1 0 0
# end survey diet proportion observations 
#  
