# Number of parameters = 292  Objective function value = 19042.6  Maximum gradient component = 0.000190131
# ln_yr1N:
 7.73138 9.99072 9.49717 6.99885 6.15279
 -46.4190 24.4087 13.2106 10.3130 9.32280
 11.0068 -38.8382 9.60986 10.1849 -25.5984
 7.64984 10.7933 11.6310 10.0763 -28.5455
# recruitment_alpha:
 0.00000 0.00000 0.00000 0.00000
# recruitment_shape:
 0.00000 0.00000 0.00000 0.00000
# recruitment_beta:
 0.00000 0.00000 0.00000 0.00000
# ln_avg_recruitment:
 10.0549 15.8947 13.6978 11.2779
# recruitment_devs:
 0.562557 2.18664 3.97104 0.468156 0.0893563 3.13776 -0.363513 3.43911 -0.536717 3.75374 3.03751 -0.657347 -1.34471 -1.55274 -0.966821 1.73214 2.99312 -1.51381 -0.541749 1.44843 2.42805 1.61490 -1.84156 -2.59472 -2.37922 -0.236985 2.29278 -1.57464 -2.61643 -2.58748 -2.21968 -2.87203 -1.88600 0.654806 0.0849055 -1.80192 -0.0682860 -2.11440 -2.67360 -2.45093 3.50028
 -5.40831 -5.00791 -2.91883 -1.73236 -3.91157 -2.24442 -2.20176 -0.180885 -3.94427 -4.56673 -4.77962 -5.94424 -5.15722 -4.54607 -4.68106 2.96571 1.52451 0.780490 2.04601 2.28675 -2.05644 0.607563 -1.17273 0.669780 1.30954 1.12534 1.12195 3.78135 4.74083 4.80175 0.142683 5.43459 5.53183 -0.205147 5.61950 -0.421012 3.01926 3.36551 0.626301 3.95762 5.62167
 2.73434 2.13155 -1.79985 -1.83481 -1.71437 -1.42455 -1.58370 -1.97288 -2.16545 -1.78975 -1.28413 -0.402804 1.76021 3.01436 -0.120881 -1.60350 0.559729 0.555214 1.95582 -1.05769 -0.987570 3.23642 -1.72506 -2.00515 -1.82256 -1.69516 -1.61812 -1.00088 -1.06916 -1.92169 0.415599 3.16822 5.14839 -0.933759 -0.836739 -0.286131 4.51091 -0.312531 5.80699 -0.0183065 -0.0105718
 1.51692 -0.429269 3.78825 -0.117828 4.13608 -0.137368 -0.190760 -0.295612 4.07873 -0.124698 -0.359213 -0.550298 -0.333401 4.85824 -0.422088 -0.664327 -0.827475 -0.966589 -1.17263 -1.37183 -1.56664 -1.69286 -1.77935 -1.86449 -1.93567 -1.87683 -1.83299 -1.63460 -1.06626 -0.801136 0.712548 2.27028 4.83449 -0.307054 0.219396 -0.434025 -0.592886 -0.758090 -0.203059 0.0807412 -0.186342
# ln_recsigma:
 1.00000 1.00000 1.00000 1.00000
# avg_F:
 -0.454739 -2.57727
# F_devs:
 -0.998702 -1.10402 -0.739896 -0.737025 -0.274652 -0.312898 -0.580594 -0.294067 -0.380859 -0.212116 0.0736349 0.257123 0.664351 0.736244 0.509509 0.326151 0.769786 0.250178 0.396109 0.527197 -0.0925241 -0.0918733 0.221789 0.350774 0.226835 0.274420 -0.241915 -0.715940 0.0111050 -0.0756725 -0.140229 0.241085 0.00551054 0.342966 0.465011 0.0632939 0.448326 0.299799 0.352482 -0.0264636 -0.152286 -0.641941
 0.491241 0.258581 0.745683 0.501831 1.65335 1.79007 1.44554 1.48918 1.59765 1.37246 1.43659 0.227643 1.56958 1.04095 0.760916 1.36815 3.84354 0.439264 0.324685 -0.288987 -0.290731 0.355229 -0.374003 -0.719902 -0.494244 0.0721941 0.121855 -0.673599 -0.153774 -0.131941 -0.384776 -0.848654 -2.03987 -1.92605 -1.87698 -0.761688 -0.999294 -1.52152 -1.90428 -1.87325 -2.13104 -3.51156
# fishsel_pars:
 3.95387 3.04624
 2.69373 0.920890
# ln_fishery_q:
 -2.48449 -2.00536
# ln_survey_q:
 -1.29680 -4.83034 -5.96614 0.0904266
 -0.774326 -4.74610 -4.91492 -2.36361
# survey_selpars:
 2.88587 2.83842
 1.44983 1.89996
# ln_M1ann:
 -2.30259 -2.30259 -2.30259 -2.30259
# ln_otherFood_base:
21.0000000000
# otherFood_dev:
 0.00000000000 0.00000000000 0.00000000000
