# Number of parameters = 292 Objective function value = 155770.956553006  Maximum gradient component = 0.00384943996385561
# ln_yr1N:
 9.86741429359902 6.96696492178038 4.72136415575343 -27.1475657651977 -93.0910974095717
 13.9159277355362 11.2590628717169 7.60682252648047 7.68103183996035 4.09921401615918
 9.25766834996451 -24.2448584762583 5.22798838458314 2.28305492287542 -7.44338821950510
 10.3487951228310 -2.99420520910972 5.07501572502674 3.64989692756197 -3.91027499862084
# recruitment_alpha:
 0.00000000000000 0.00000000000000 0.00000000000000 0.00000000000000
# recruitment_shape:
 0.00000000000000 0.00000000000000 0.00000000000000 0.00000000000000
# recruitment_beta:
 0.00000000000000 0.00000000000000 0.00000000000000 0.00000000000000
# ln_avg_recruitment:
 7.95550149108646 12.7038361298923 9.41607401805149 9.01965712700746
# recruitment_devs:
 2.60881832243486 2.63502000903456 2.61709417031598 2.30172499798930 2.01375345915582 1.83363727758571 0.691395124195200 1.99103782082708 1.83904204847098 1.42358661317075 1.50157169753926 0.369403508784624 0.833997788086917 -0.0525970814820522 -0.365781890230659 -0.155451372709964 -0.0624033578201058 -0.752676844992948 0.175586062304669 -0.231813403895853 0.301505643207311 0.0635226674765409 0.147303143923336 -0.712276854877509 -0.612183824196282 -0.942967269465654 -0.235296171717575 0.310294615292348 0.264481942146477 -0.0620745013381955 -0.205853303520735 -1.05219470349328 -1.86777969242441 -1.48037270783567 -0.916237547131672 -1.20759711799397 -1.49191631904010 -1.81033868992297 -2.44659705789719 -4.25740245518914 -3.00096472766263
 1.22904355840489 -1.15584138739153 -0.791484422740423 -1.16693398551539 -0.717327233250978 -1.00328977814284 -0.821678887997560 0.704307826027338 -0.0978837996188045 1.19879889528400 0.684650494990012 -1.38592636907214 0.491232507957299 -0.395048669708130 -1.77687085479916 -0.388459828302366 -0.195956988203817 0.294970164487488 0.359769458125983 0.851365377467706 0.952869585995945 0.934847153417018 0.158984024806033 0.301307849361237 0.103521690524329 0.491448728454705 0.327312112578455 0.603278170058243 0.451045483489153 1.03393518273341 0.553163120379844 1.28195233311107 1.12172004792038 0.869347091279109 0.914977876790411 0.923929671239859 0.297245853668904 -0.239169365930814 -1.55072366469208 -2.18737456963743 -3.26105444428703
 0.242024520637957 1.57604594684657 1.24201437501793 1.05436583541503 1.00463768782046 1.25771474332544 0.826001253010640 1.34696627668839 -0.259976971483708 1.09746718115218 0.677073609553759 0.547385772266541 -0.0796411770604491 2.33602040842581 1.74620685931571 -2.78377842684460 -0.497539531877889 -1.08190038646852 0.624417679734127 -0.319407057546655 -2.21055306768408 -0.175231142241512 0.646068586990483 0.691877837094170 -1.01959900736595 0.194466244589951 0.591673713068956 0.254261487387165 -0.745497840788563 -2.34395667505034 -2.34193833889737 -2.28061139933799 0.539546798642143 0.527619671446638 -0.334057317415787 -0.309441232157406 0.313347204958737 0.0948310133664088 -1.78736440991056 0.745259657226516 -1.60680038123310
 1.00236240262569 1.70751378028386 1.59142374939462 1.62241482804976 1.32595047696502 0.818912484097982 0.331631148606830 0.180958728753116 0.926556791168218 0.858281374933105 0.740537217982029 0.407739716208905 -0.319789186303144 -0.362055700456949 0.0255848358459859 -0.133392244077096 -0.435117499894042 -0.135385787537651 -0.585813201180873 -0.378270070968169 0.224631395401334 -0.0365372770305464 -0.186041251398504 -0.635412429972331 -0.642696770869558 -1.02348757285245 -0.0597733871555075 -0.346391700784989 -0.545206458239930 0.0285437205123701 0.322227650560233 -0.406445133534097 -0.211642671737177 -0.734370545458117 0.00650474246803998 0.434811814144057 0.418121008128845 -0.0169771564632010 -1.10892811808858 -1.38109887656150 -3.28987481852109
# ln_recsigma:
 0.00000000000000 0.00000000000000 0.00000000000000 0.00000000000000
# avg_F:
 1.07081503831555 2.24412511625192
# F_devs:
 -3.33470468673799 -2.04170168958072 -0.967480539299425 -1.34015107874007 -1.01097164076786 -1.09643649362316 -1.14626317457214 -0.533540959177097 -0.258989536032921 0.262384277662698 -0.229560903905439 -0.131268242879842 0.469790164849568 0.760471214188344 1.22245499563905 0.672159199943101 1.32214418258424 0.812549884745162 1.02499954474954 1.02429806055021 0.848539078223200 0.478817522768678 0.532299581435130 0.628424766589638 0.637166591291992 0.714449169203390 0.422232503067365 -0.00318281658984740 0.347139009448261 0.0775984004715722 -0.210184790338707 -0.238039205769081 -0.732571372843005 -0.169010399679661 0.0874225343054681 0.212318082984454 0.162835092752626 -0.422690462613745 -0.225938324519998 -0.159003529433986 0.567666081279730 0.963529907483019
 -7.06326050341584 -5.12910680256901 -3.72278656943012 -3.42362835772374 -1.95661649983143 0.730427783531025 0.495715039994232 0.302030734942753 0.288424128335349 -0.0436750501338880 -1.53259872733245 -2.23378910972242 -1.17979857941742 -2.09626348291763 -1.90770683906598 -0.407313122554290 -0.0713859525277749 -4.06971772588775 1.18695337031593 1.36211860303158 1.86553928486364 1.73788327024432 0.702765440823457 1.64172315871903 0.775763153396428 1.93522645749738 1.70938235877084 1.56241743762507 1.13406325098868 0.954544399718786 0.740476830991208 1.64528065052054 0.729875007799899 1.79480323840959 1.08229839059923 1.26683125865962 1.56659471453742 1.50493978144993 0.944939081118943 1.20819923729594 1.85141369395400 2.11701754859738
# logit_vuln:
 0.00000000000000 0.00000000000000 0.00000000000000 0.00000000000000 2.00000000000000 2.00000000000000 2.00000000000000 2.00000000000000 2.00000000000000 2.00000000000000
# fishsel_pars:
 3.80770398994065 3.04344818838615
 0.0139108105482517 -0.239612494573249
# ln_fishery_q:
 -1.09554493752434 1.07988382378273
# ln_survey_q:
 -0.709355770092252 -0.0526785806430183 1.99999999980973 1.99999999996087
 0.914645026581361 -0.991681154719444 1.99999999985373 1.99999999988987
# survey_selpars:
 4.10586343021713 4.31894688300792
 2.48319817918732 2.70139339778150
# ln_M1ann:
 1.00000000000000 1.00000000000000 1.00000000000000 1.00000000000000
# ln_otherFood_base:
-2.30258509299
# otherFood_dev:
 -2.30258509299 -2.30258509299 -2.30258509299
