0
44
10
5
1
2
2
0.001
hydra_sim_data-ts.dat
29
29
29
29
29
8
8
8
8
8
12
12
12
12
12
24
24
24
24
24
20
20
20
20
20
17
17
17
17
17
30
30
30
30
30
17
17
17
17
17
23
23
23
23
23
14
14
14
14
14
0.00685681567472357
0.00696289397647208
0.00310242979734439
0.0205011606372842
0.00759240073997539
0.00421677371743438
0.00218691346582327
0.00910817030110655
0.00244734811734799
0.00582004148366075
3.09133638752902
3.08159581281283
3.32100440840157
2.93322687044393
3.06816962846841
3.12947468289365
3.13962578098272
3.08298298576075
3.26552505022405
3.10977555176597
1
1
1
1
1
1
1
1
1
1
1
1
1
1
1
1
1
1
1
1
1
1
1
1
1
1
1
1
1
1
1
1
1
1
1
1
1
1
1
1
1
1
1
1
1
1
1
1
1
1
1
1
1
1
1
1
1
1
1
1
1
1
1
1
1
1
1
1
1
1
1
1
1
1
1
1
1
1
1
1
1
1
1
1
1
1
1
1
1
1
1
1
1
1
1
1
1
1
1
1
1
1
1
1
1
1
1
1
1
1
1
1
1
1
1
1
1
1
1
1
1
1
1
1
1
1
1
1
1
1
1
1
1
1
1
1
1
1
1
1
1
1
1
1
1
1
1
1
1
1
1
1
1
1
1
1
1
1
1
1
1
1
1
1
1
1
1
1
1
1
1
1
1
1
1
1
1
1
1
1
1
1
1
1
1
1
1
1
1
1
1
1
1
1
1
1
1
1
1
1
1
1
1
1
1
1
1
1
1
1
1
1
1
1
1
1
1
1
1
1
1
1
1
0.035
0.103736364
1.952671779
18.42060702
84.48736889
0.035
0.103736364
1.952671779
18.42060702
84.48736889
0.035
0.103736364
1.952671779
18.42060702
84.48736889
0.035
0.103736364
1.952671779
18.42060702
84.48736889
0.035
0.103736364
1.952671779
18.42060702
84.48736889
0.035
0.103736364
1.952671779
18.42060702
84.48736889
0.035
0.103736364
1.952671779
18.42060702
84.48736889
0.035
0.103736364
1.952671779
18.42060702
84.48736889
0.035
0.103736364
1.952671779
18.42060702
84.48736889
0.035
0.103736364
1.952671779
18.42060702
84.48736889
0.035
0.103736364
1.952671779
18.42060702
84.48736889
0.035
0.103736364
1.952671779
18.42060702
84.48736889
0.035
0.103736364
1.952671779
18.42060702
84.48736889
0.035
0.103736364
1.952671779
18.42060702
84.48736889
0.035
0.103736364
1.952671779
18.42060702
84.48736889
0.035
0.103736364
1.952671779
18.42060702
84.48736889
0.035
0.103736364
1.952671779
18.42060702
84.48736889
0.035
0.103736364
1.952671779
18.42060702
84.48736889
0.035
0.103736364
1.952671779
18.42060702
84.48736889
0.035
0.103736364
1.952671779
18.42060702
84.48736889
0.035
0.103736364
1.952671779
18.42060702
84.48736889
0.035
0.103736364
1.952671779
18.42060702
84.48736889
0.035
0.103736364
1.952671779
18.42060702
84.48736889
0.035
0.103736364
1.952671779
18.42060702
84.48736889
0.035
0.103736364
1.952671779
18.42060702
84.48736889
0.035
0.103736364
1.952671779
18.42060702
84.48736889
0.035
0.103736364
1.952671779
18.42060702
84.48736889
0.035
0.103736364
1.952671779
18.42060702
84.48736889
0.035
0.103736364
1.952671779
18.42060702
84.48736889
0.035
0.103736364
1.952671779
18.42060702
84.48736889
0.035
0.103736364
1.952671779
18.42060702
84.48736889
0.035
0.103736364
1.952671779
18.42060702
84.48736889
0.035
0.103736364
1.952671779
18.42060702
84.48736889
0.035
0.103736364
1.952671779
18.42060702
84.48736889
0.035
0.103736364
1.952671779
18.42060702
84.48736889
0.035
0.103736364
1.952671779
18.42060702
84.48736889
0.035
0.103736364
1.952671779
18.42060702
84.48736889
0.035
0.103736364
1.952671779
18.42060702
84.48736889
0.035
0.103736364
1.952671779
18.42060702
84.48736889
0.035
0.103736364
1.952671779
18.42060702
84.48736889
0.035
0.103736364
1.952671779
18.42060702
84.48736889
0.035
0.103736364
1.952671779
18.42060702
84.48736889
0.035
0.103736364
1.952671779
18.42060702
84.48736889
0.035
0.103736364
1.952671779
18.42060702
84.48736889
0.01
0.03
0.8
1.5
3
0.01
0.03
0.8
1.5
3
0.01
0.03
0.8
1.5
3
0.01
0.03
0.8
1.5
3
0.01
0.03
0.8
1.5
3
0.01
0.03
0.8
1.5
3
0.01
0.03
0.8
1.5
3
0.01
0.03
0.8
1.5
3
0.01
0.03
0.8
1.5
3
0.01
0.03
0.8
1.5
3
0.01
0.03
0.8
1.5
3
0.01
0.03
0.8
1.5
3
0.01
0.03
0.8
1.5
3
0.01
0.03
0.8
1.5
3
0.01
0.03
0.8
1.5
3
0.01
0.03
0.8
1.5
3
0.01
0.03
0.8
1.5
3
0.01
0.03
0.8
1.5
3
0.01
0.03
0.8
1.5
3
0.01
0.03
0.8
1.5
3
0.01
0.03
0.8
1.5
3
0.01
0.03
0.8
1.5
3
0.01
0.03
0.8
1.5
3
0.01
0.03
0.8
1.5
3
0.01
0.03
0.8
1.5
3
0.01
0.03
0.8
1.5
3
0.01
0.03
0.8
1.5
3
0.01
0.03
0.8
1.5
3
0.01
0.03
0.8
1.5
3
0.01
0.03
0.8
1.5
3
0.01
0.03
0.8
1.5
3
0.01
0.03
0.8
1.5
3
0.01
0.03
0.8
1.5
3
0.01
0.03
0.8
1.5
3
0.01
0.03
0.8
1.5
3
0.01
0.03
0.8
1.5
3
0.01
0.03
0.8
1.5
3
0.01
0.03
0.8
1.5
3
0.01
0.03
0.8
1.5
3
0.01
0.03
0.8
1.5
3
0.01
0.03
0.8
1.5
3
0.01
0.03
0.8
1.5
3
0.01
0.03
0.8
1.5
3
0.01
0.03
0.8
1.5
3
0.01
0.08
1.3
2
3
0.01
0.08
1.3
2
3
0.01
0.08
1.3
2
3
0.01
0.08
1.3
2
3
0.01
0.08
1.3
2
3
0.01
0.08
1.3
2
3
0.01
0.08
1.3
2
3
0.01
0.08
1.3
2
3
0.01
0.08
1.3
2
3
0.01
0.08
1.3
2
3
0.01
0.08
1.3
2
3
0.01
0.08
1.3
2
3
0.01
0.08
1.3
2
3
0.01
0.08
1.3
2
3
0.01
0.08
1.3
2
3
0.01
0.08
1.3
2
3
0.01
0.08
1.3
2
3
0.01
0.08
1.3
2
3
0.01
0.08
1.3
2
3
0.01
0.08
1.3
2
3
0.01
0.08
1.3
2
3
0.01
0.08
1.3
2
3
0.01
0.08
1.3
2
3
0.01
0.08
1.3
2
3
0.01
0.08
1.3
2
3
0.01
0.08
1.3
2
3
0.01
0.08
1.3
2
3
0.01
0.08
1.3
2
3
0.01
0.08
1.3
2
3
0.01
0.08
1.3
2
3
0.01
0.08
1.3
2
3
0.01
0.08
1.3
2
3
0.01
0.08
1.3
2
3
0.01
0.08
1.3
2
3
0.01
0.08
1.3
2
3
0.01
0.08
1.3
2
3
0.01
0.08
1.3
2
3
0.01
0.08
1.3
2
3
0.01
0.08
1.3
2
3
0.01
0.08
1.3
2
3
0.01
0.08
1.3
2
3
0.01
0.08
1.3
2
3
0.01
0.08
1.3
2
3
0.01
0.08
1.3
2
3
0.090189781
1.952671779
9.334322368
28.80493233
77.55885308
0.090189781
1.952671779
9.334322368
28.80493233
77.55885308
0.090189781
1.952671779
9.334322368
28.80493233
77.55885308
0.090189781
1.952671779
9.334322368
28.80493233
77.55885308
0.090189781
1.952671779
9.334322368
28.80493233
77.55885308
0.090189781
1.952671779
9.334322368
28.80493233
77.55885308
0.090189781
1.952671779
9.334322368
28.80493233
77.55885308
0.090189781
1.952671779
9.334322368
28.80493233
77.55885308
0.090189781
1.952671779
9.334322368
28.80493233
77.55885308
0.090189781
1.952671779
9.334322368
28.80493233
77.55885308
0.090189781
1.952671779
9.334322368
28.80493233
77.55885308
0.090189781
1.952671779
9.334322368
28.80493233
77.55885308
0.090189781
1.952671779
9.334322368
28.80493233
77.55885308
0.090189781
1.952671779
9.334322368
28.80493233
77.55885308
0.090189781
1.952671779
9.334322368
28.80493233
77.55885308
0.090189781
1.952671779
9.334322368
28.80493233
77.55885308
0.090189781
1.952671779
9.334322368
28.80493233
77.55885308
0.090189781
1.952671779
9.334322368
28.80493233
77.55885308
0.090189781
1.952671779
9.334322368
28.80493233
77.55885308
0.090189781
1.952671779
9.334322368
28.80493233
77.55885308
0.090189781
1.952671779
9.334322368
28.80493233
77.55885308
0.090189781
1.952671779
9.334322368
28.80493233
77.55885308
0.090189781
1.952671779
9.334322368
28.80493233
77.55885308
0.090189781
1.952671779
9.334322368
28.80493233
77.55885308
0.090189781
1.952671779
9.334322368
28.80493233
77.55885308
0.090189781
1.952671779
9.334322368
28.80493233
77.55885308
0.090189781
1.952671779
9.334322368
28.80493233
77.55885308
0.090189781
1.952671779
9.334322368
28.80493233
77.55885308
0.090189781
1.952671779
9.334322368
28.80493233
77.55885308
0.090189781
1.952671779
9.334322368
28.80493233
77.55885308
0.090189781
1.952671779
9.334322368
28.80493233
77.55885308
0.090189781
1.952671779
9.334322368
28.80493233
77.55885308
0.090189781
1.952671779
9.334322368
28.80493233
77.55885308
0.090189781
1.952671779
9.334322368
28.80493233
77.55885308
0.090189781
1.952671779
9.334322368
28.80493233
77.55885308
0.090189781
1.952671779
9.334322368
28.80493233
77.55885308
0.090189781
1.952671779
9.334322368
28.80493233
77.55885308
0.090189781
1.952671779
9.334322368
28.80493233
77.55885308
0.090189781
1.952671779
9.334322368
28.80493233
77.55885308
0.090189781
1.952671779
9.334322368
28.80493233
77.55885308
0.090189781
1.952671779
9.334322368
28.80493233
77.55885308
0.090189781
1.952671779
9.334322368
28.80493233
77.55885308
0.090189781
1.952671779
9.334322368
28.80493233
77.55885308
0.090189781
1.952671779
9.334322368
28.80493233
77.55885308
0.031
0.096183673
0.939220418
3.915192982
12.07313904
0.031
0.096183673
0.939220418
3.915192982
12.07313904
0.031
0.096183673
0.939220418
3.915192982
12.07313904
0.031
0.096183673
0.939220418
3.915192982
12.07313904
0.031
0.096183673
0.939220418
3.915192982
12.07313904
0.031
0.096183673
0.939220418
3.915192982
12.07313904
0.031
0.096183673
0.939220418
3.915192982
12.07313904
0.031
0.096183673
0.939220418
3.915192982
12.07313904
0.031
0.096183673
0.939220418
3.915192982
12.07313904
0.031
0.096183673
0.939220418
3.915192982
12.07313904
0.031
0.096183673
0.939220418
3.915192982
12.07313904
0.031
0.096183673
0.939220418
3.915192982
12.07313904
0.031
0.096183673
0.939220418
3.915192982
12.07313904
0.031
0.096183673
0.939220418
3.915192982
12.07313904
0.031
0.096183673
0.939220418
3.915192982
12.07313904
0.031
0.096183673
0.939220418
3.915192982
12.07313904
0.031
0.096183673
0.939220418
3.915192982
12.07313904
0.031
0.096183673
0.939220418
3.915192982
12.07313904
0.031
0.096183673
0.939220418
3.915192982
12.07313904
0.031
0.096183673
0.939220418
3.915192982
12.07313904
0.031
0.096183673
0.939220418
3.915192982
12.07313904
0.031
0.096183673
0.939220418
3.915192982
12.07313904
0.031
0.096183673
0.939220418
3.915192982
12.07313904
0.031
0.096183673
0.939220418
3.915192982
12.07313904
0.031
0.096183673
0.939220418
3.915192982
12.07313904
0.031
0.096183673
0.939220418
3.915192982
12.07313904
0.031
0.096183673
0.939220418
3.915192982
12.07313904
0.031
0.096183673
0.939220418
3.915192982
12.07313904
0.031
0.096183673
0.939220418
3.915192982
12.07313904
0.031
0.096183673
0.939220418
3.915192982
12.07313904
0.031
0.096183673
0.939220418
3.915192982
12.07313904
0.031
0.096183673
0.939220418
3.915192982
12.07313904
0.031
0.096183673
0.939220418
3.915192982
12.07313904
0.031
0.096183673
0.939220418
3.915192982
12.07313904
0.031
0.096183673
0.939220418
3.915192982
12.07313904
0.031
0.096183673
0.939220418
3.915192982
12.07313904
0.031
0.096183673
0.939220418
3.915192982
12.07313904
0.031
0.096183673
0.939220418
3.915192982
12.07313904
0.031
0.096183673
0.939220418
3.915192982
12.07313904
0.031
0.096183673
0.939220418
3.915192982
12.07313904
0.031
0.096183673
0.939220418
3.915192982
12.07313904
0.031
0.096183673
0.939220418
3.915192982
12.07313904
0.031
0.096183673
0.939220418
3.915192982
12.07313904
0.031
0.096183673
0.939220418
3.915192982
12.07313904
0.039893347
0.179748344
0.512104803
4.879748476
20.262
0.039893347
0.179748344
0.512104803
4.879748476
20.262
0.039893347
0.179748344
0.512104803
4.879748476
20.262
0.039893347
0.179748344
0.512104803
4.879748476
20.262
0.039893347
0.179748344
0.512104803
4.879748476
20.262
0.039893347
0.179748344
0.512104803
4.879748476
20.262
0.039893347
0.179748344
0.512104803
4.879748476
20.262
0.039893347
0.179748344
0.512104803
4.879748476
20.262
0.039893347
0.179748344
0.512104803
4.879748476
20.262
0.039893347
0.179748344
0.512104803
4.879748476
20.262
0.039893347
0.179748344
0.512104803
4.879748476
20.262
0.039893347
0.179748344
0.512104803
4.879748476
20.262
0.039893347
0.179748344
0.512104803
4.879748476
20.262
0.039893347
0.179748344
0.512104803
4.879748476
20.262
0.039893347
0.179748344
0.512104803
4.879748476
20.262
0.039893347
0.179748344
0.512104803
4.879748476
20.262
0.039893347
0.179748344
0.512104803
4.879748476
20.262
0.039893347
0.179748344
0.512104803
4.879748476
20.262
0.039893347
0.179748344
0.512104803
4.879748476
20.262
0.039893347
0.179748344
0.512104803
4.879748476
20.262
0.039893347
0.179748344
0.512104803
4.879748476
20.262
0.039893347
0.179748344
0.512104803
4.879748476
20.262
0.039893347
0.179748344
0.512104803
4.879748476
20.262
0.039893347
0.179748344
0.512104803
4.879748476
20.262
0.039893347
0.179748344
0.512104803
4.879748476
20.262
0.039893347
0.179748344
0.512104803
4.879748476
20.262
0.039893347
0.179748344
0.512104803
4.879748476
20.262
0.039893347
0.179748344
0.512104803
4.879748476
20.262
0.039893347
0.179748344
0.512104803
4.879748476
20.262
0.039893347
0.179748344
0.512104803
4.879748476
20.262
0.039893347
0.179748344
0.512104803
4.879748476
20.262
0.039893347
0.179748344
0.512104803
4.879748476
20.262
0.039893347
0.179748344
0.512104803
4.879748476
20.262
0.039893347
0.179748344
0.512104803
4.879748476
20.262
0.039893347
0.179748344
0.512104803
4.879748476
20.262
0.039893347
0.179748344
0.512104803
4.879748476
20.262
0.039893347
0.179748344
0.512104803
4.879748476
20.262
0.039893347
0.179748344
0.512104803
4.879748476
20.262
0.039893347
0.179748344
0.512104803
4.879748476
20.262
0.039893347
0.179748344
0.512104803
4.879748476
20.262
0.039893347
0.179748344
0.512104803
4.879748476
20.262
0.039893347
0.179748344
0.512104803
4.879748476
20.262
0.039893347
0.179748344
0.512104803
4.879748476
20.262
0.039893347
0.179748344
0.512104803
4.879748476
20.262
0.090189781
1.952671779
9.334322368
28.80493233
77.55885308
0.090189781
1.952671779
9.334322368
28.80493233
77.55885308
0.090189781
1.952671779
9.334322368
28.80493233
77.55885308
0.090189781
1.952671779
9.334322368
28.80493233
77.55885308
0.090189781
1.952671779
9.334322368
28.80493233
77.55885308
0.090189781
1.952671779
9.334322368
28.80493233
77.55885308
0.090189781
1.952671779
9.334322368
28.80493233
77.55885308
0.090189781
1.952671779
9.334322368
28.80493233
77.55885308
0.090189781
1.952671779
9.334322368
28.80493233
77.55885308
0.090189781
1.952671779
9.334322368
28.80493233
77.55885308
0.090189781
1.952671779
9.334322368
28.80493233
77.55885308
0.090189781
1.952671779
9.334322368
28.80493233
77.55885308
0.090189781
1.952671779
9.334322368
28.80493233
77.55885308
0.090189781
1.952671779
9.334322368
28.80493233
77.55885308
0.090189781
1.952671779
9.334322368
28.80493233
77.55885308
0.090189781
1.952671779
9.334322368
28.80493233
77.55885308
0.090189781
1.952671779
9.334322368
28.80493233
77.55885308
0.090189781
1.952671779
9.334322368
28.80493233
77.55885308
0.090189781
1.952671779
9.334322368
28.80493233
77.55885308
0.090189781
1.952671779
9.334322368
28.80493233
77.55885308
0.090189781
1.952671779
9.334322368
28.80493233
77.55885308
0.090189781
1.952671779
9.334322368
28.80493233
77.55885308
0.090189781
1.952671779
9.334322368
28.80493233
77.55885308
0.090189781
1.952671779
9.334322368
28.80493233
77.55885308
0.090189781
1.952671779
9.334322368
28.80493233
77.55885308
0.090189781
1.952671779
9.334322368
28.80493233
77.55885308
0.090189781
1.952671779
9.334322368
28.80493233
77.55885308
0.090189781
1.952671779
9.334322368
28.80493233
77.55885308
0.090189781
1.952671779
9.334322368
28.80493233
77.55885308
0.090189781
1.952671779
9.334322368
28.80493233
77.55885308
0.090189781
1.952671779
9.334322368
28.80493233
77.55885308
0.090189781
1.952671779
9.334322368
28.80493233
77.55885308
0.090189781
1.952671779
9.334322368
28.80493233
77.55885308
0.090189781
1.952671779
9.334322368
28.80493233
77.55885308
0.090189781
1.952671779
9.334322368
28.80493233
77.55885308
0.090189781
1.952671779
9.334322368
28.80493233
77.55885308
0.090189781
1.952671779
9.334322368
28.80493233
77.55885308
0.090189781
1.952671779
9.334322368
28.80493233
77.55885308
0.090189781
1.952671779
9.334322368
28.80493233
77.55885308
0.090189781
1.952671779
9.334322368
28.80493233
77.55885308
0.090189781
1.952671779
9.334322368
28.80493233
77.55885308
0.090189781
1.952671779
9.334322368
28.80493233
77.55885308
0.090189781
1.952671779
9.334322368
28.80493233
77.55885308
0.090189781
1.952671779
9.334322368
28.80493233
77.55885308
0.016072464
0.086965517
0.237958824
0.442743017
1.583142857
0.016072464
0.086965517
0.237958824
0.442743017
1.583142857
0.016072464
0.086965517
0.237958824
0.442743017
1.583142857
0.016072464
0.086965517
0.237958824
0.442743017
1.583142857
0.016072464
0.086965517
0.237958824
0.442743017
1.583142857
0.016072464
0.086965517
0.237958824
0.442743017
1.583142857
0.016072464
0.086965517
0.237958824
0.442743017
1.583142857
0.016072464
0.086965517
0.237958824
0.442743017
1.583142857
0.016072464
0.086965517
0.237958824
0.442743017
1.583142857
0.016072464
0.086965517
0.237958824
0.442743017
1.583142857
0.016072464
0.086965517
0.237958824
0.442743017
1.583142857
0.016072464
0.086965517
0.237958824
0.442743017
1.583142857
0.016072464
0.086965517
0.237958824
0.442743017
1.583142857
0.016072464
0.086965517
0.237958824
0.442743017
1.583142857
0.016072464
0.086965517
0.237958824
0.442743017
1.583142857
0.016072464
0.086965517
0.237958824
0.442743017
1.583142857
0.016072464
0.086965517
0.237958824
0.442743017
1.583142857
0.016072464
0.086965517
0.237958824
0.442743017
1.583142857
0.016072464
0.086965517
0.237958824
0.442743017
1.583142857
0.016072464
0.086965517
0.237958824
0.442743017
1.583142857
0.016072464
0.086965517
0.237958824
0.442743017
1.583142857
0.016072464
0.086965517
0.237958824
0.442743017
1.583142857
0.016072464
0.086965517
0.237958824
0.442743017
1.583142857
0.016072464
0.086965517
0.237958824
0.442743017
1.583142857
0.016072464
0.086965517
0.237958824
0.442743017
1.583142857
0.016072464
0.086965517
0.237958824
0.442743017
1.583142857
0.016072464
0.086965517
0.237958824
0.442743017
1.583142857
0.016072464
0.086965517
0.237958824
0.442743017
1.583142857
0.016072464
0.086965517
0.237958824
0.442743017
1.583142857
0.016072464
0.086965517
0.237958824
0.442743017
1.583142857
0.016072464
0.086965517
0.237958824
0.442743017
1.583142857
0.016072464
0.086965517
0.237958824
0.442743017
1.583142857
0.016072464
0.086965517
0.237958824
0.442743017
1.583142857
0.016072464
0.086965517
0.237958824
0.442743017
1.583142857
0.016072464
0.086965517
0.237958824
0.442743017
1.583142857
0.016072464
0.086965517
0.237958824
0.442743017
1.583142857
0.016072464
0.086965517
0.237958824
0.442743017
1.583142857
0.016072464
0.086965517
0.237958824
0.442743017
1.583142857
0.016072464
0.086965517
0.237958824
0.442743017
1.583142857
0.016072464
0.086965517
0.237958824
0.442743017
1.583142857
0.016072464
0.086965517
0.237958824
0.442743017
1.583142857
0.016072464
0.086965517
0.237958824
0.442743017
1.583142857
0.016072464
0.086965517
0.237958824
0.442743017
1.583142857
0.016072464
0.086965517
0.237958824
0.442743017
1.583142857
0.093423453
0.939220418
3.915192982
11.46903371
44.88111925
0.093423453
0.939220418
3.915192982
11.46903371
44.88111925
0.093423453
0.939220418
3.915192982
11.46903371
44.88111925
0.093423453
0.939220418
3.915192982
11.46903371
44.88111925
0.093423453
0.939220418
3.915192982
11.46903371
44.88111925
0.093423453
0.939220418
3.915192982
11.46903371
44.88111925
0.093423453
0.939220418
3.915192982
11.46903371
44.88111925
0.093423453
0.939220418
3.915192982
11.46903371
44.88111925
0.093423453
0.939220418
3.915192982
11.46903371
44.88111925
0.093423453
0.939220418
3.915192982
11.46903371
44.88111925
0.093423453
0.939220418
3.915192982
11.46903371
44.88111925
0.093423453
0.939220418
3.915192982
11.46903371
44.88111925
0.093423453
0.939220418
3.915192982
11.46903371
44.88111925
0.093423453
0.939220418
3.915192982
11.46903371
44.88111925
0.093423453
0.939220418
3.915192982
11.46903371
44.88111925
0.093423453
0.939220418
3.915192982
11.46903371
44.88111925
0.093423453
0.939220418
3.915192982
11.46903371
44.88111925
0.093423453
0.939220418
3.915192982
11.46903371
44.88111925
0.093423453
0.939220418
3.915192982
11.46903371
44.88111925
0.093423453
0.939220418
3.915192982
11.46903371
44.88111925
0.093423453
0.939220418
3.915192982
11.46903371
44.88111925
0.093423453
0.939220418
3.915192982
11.46903371
44.88111925
0.093423453
0.939220418
3.915192982
11.46903371
44.88111925
0.093423453
0.939220418
3.915192982
11.46903371
44.88111925
0.093423453
0.939220418
3.915192982
11.46903371
44.88111925
0.093423453
0.939220418
3.915192982
11.46903371
44.88111925
0.093423453
0.939220418
3.915192982
11.46903371
44.88111925
0.093423453
0.939220418
3.915192982
11.46903371
44.88111925
0.093423453
0.939220418
3.915192982
11.46903371
44.88111925
0.093423453
0.939220418
3.915192982
11.46903371
44.88111925
0.093423453
0.939220418
3.915192982
11.46903371
44.88111925
0.093423453
0.939220418
3.915192982
11.46903371
44.88111925
0.093423453
0.939220418
3.915192982
11.46903371
44.88111925
0.093423453
0.939220418
3.915192982
11.46903371
44.88111925
0.093423453
0.939220418
3.915192982
11.46903371
44.88111925
0.093423453
0.939220418
3.915192982
11.46903371
44.88111925
0.093423453
0.939220418
3.915192982
11.46903371
44.88111925
0.093423453
0.939220418
3.915192982
11.46903371
44.88111925
0.093423453
0.939220418
3.915192982
11.46903371
44.88111925
0.093423453
0.939220418
3.915192982
11.46903371
44.88111925
0.093423453
0.939220418
3.915192982
11.46903371
44.88111925
0.093423453
0.939220418
3.915192982
11.46903371
44.88111925
0.093423453
0.939220418
3.915192982
11.46903371
44.88111925
0.093423453
0.939220418
3.915192982
11.46903371
44.88111925
0.016072464
0.086965517
0.237958824
0.442743017
1.583142857
0.016072464
0.086965517
0.237958824
0.442743017
1.583142857
0.016072464
0.086965517
0.237958824
0.442743017
1.583142857
0.016072464
0.086965517
0.237958824
0.442743017
1.583142857
0.016072464
0.086965517
0.237958824
0.442743017
1.583142857
0.016072464
0.086965517
0.237958824
0.442743017
1.583142857
0.016072464
0.086965517
0.237958824
0.442743017
1.583142857
0.016072464
0.086965517
0.237958824
0.442743017
1.583142857
0.016072464
0.086965517
0.237958824
0.442743017
1.583142857
0.016072464
0.086965517
0.237958824
0.442743017
1.583142857
0.016072464
0.086965517
0.237958824
0.442743017
1.583142857
0.016072464
0.086965517
0.237958824
0.442743017
1.583142857
0.016072464
0.086965517
0.237958824
0.442743017
1.583142857
0.016072464
0.086965517
0.237958824
0.442743017
1.583142857
0.016072464
0.086965517
0.237958824
0.442743017
1.583142857
0.016072464
0.086965517
0.237958824
0.442743017
1.583142857
0.016072464
0.086965517
0.237958824
0.442743017
1.583142857
0.016072464
0.086965517
0.237958824
0.442743017
1.583142857
0.016072464
0.086965517
0.237958824
0.442743017
1.583142857
0.016072464
0.086965517
0.237958824
0.442743017
1.583142857
0.016072464
0.086965517
0.237958824
0.442743017
1.583142857
0.016072464
0.086965517
0.237958824
0.442743017
1.583142857
0.016072464
0.086965517
0.237958824
0.442743017
1.583142857
0.016072464
0.086965517
0.237958824
0.442743017
1.583142857
0.016072464
0.086965517
0.237958824
0.442743017
1.583142857
0.016072464
0.086965517
0.237958824
0.442743017
1.583142857
0.016072464
0.086965517
0.237958824
0.442743017
1.583142857
0.016072464
0.086965517
0.237958824
0.442743017
1.583142857
0.016072464
0.086965517
0.237958824
0.442743017
1.583142857
0.016072464
0.086965517
0.237958824
0.442743017
1.583142857
0.016072464
0.086965517
0.237958824
0.442743017
1.583142857
0.016072464
0.086965517
0.237958824
0.442743017
1.583142857
0.016072464
0.086965517
0.237958824
0.442743017
1.583142857
0.016072464
0.086965517
0.237958824
0.442743017
1.583142857
0.016072464
0.086965517
0.237958824
0.442743017
1.583142857
0.016072464
0.086965517
0.237958824
0.442743017
1.583142857
0.016072464
0.086965517
0.237958824
0.442743017
1.583142857
0.016072464
0.086965517
0.237958824
0.442743017
1.583142857
0.016072464
0.086965517
0.237958824
0.442743017
1.583142857
0.016072464
0.086965517
0.237958824
0.442743017
1.583142857
0.016072464
0.086965517
0.237958824
0.442743017
1.583142857
0.016072464
0.086965517
0.237958824
0.442743017
1.583142857
0.016072464
0.086965517
0.237958824
0.442743017
1.583142857
0.016072464
0.086965517
0.237958824
0.442743017
1.583142857
8.69398
9.08885
8.74414285714286
8.868
8.55206666666667
9.43436666666667
9.26516666666667
9.69548
9.1646
8.274075
8.52445
8.32313333333333
8.99702857142857
8.79641428571429
8.26319
8.48561666666667
9.46302222222222
9.72635333333333
8.42418666666667
8.99431
9.18441538461539
9.96980714285714
9.25267142857143
9.30151111111111
9.9935875
8.71782222222222
7.99782857142857
8.4206
9.3799
8.41815
8.95543333333333
9.0541625
9.2831125
9.8491375
10.4877555555556
9.95232857142857
9.671
9.63732
10.31192
9.5166
9.99688
9.77481666666667
15
30
-1
-1
1
-1
1
-3
2
1
1
1
1
-3
-1
-1
-1
-1
-1
1
1
1
1
1
1
1
1
1
1
1
1
1
1
1
1
1
1
1
1
1
1
1
1
1
1
1
1
1
1
1
1
1
1
1
1
1
1
1
1
1
1
1
1
1
1
1
1
1
1
1
1
1
1
1
1
1
1
1
1
1
1
1
1
1
1
1
1
1
1
1
1
1
1
1
1
1
1
1
1
1
1
1
1
1
1
1
1
1
1
1
1
1
1
1
1
1
1
1
1
1
1
1
1
1
1
1
1
1
1
1
1
1
1
1
1
1
1
1
1
1
1
1
1
1
1
1
1
1
1
1
1
1
1
1
1
1
1
1
1
1
1
1
1
1
1
1
1
1
1
1
1
1
1
1
1
1
1
1
1
1
1
1
1
1
1
1
1
1
1
1
1
1
1
1
1
1
1
1
1
1
1
1
1
1
1
1
1
1
1
1
1
1
1
1
1
1
1
1
1
1
1
1
1
1
1
1
1
1
1
1
1
1
1
1
1
1
1
1
1
1
1
1
1
1
1
1
1
1
1
1
1
1
1
1
1
1
1
1
1
9
9
9
9
9
9
9
9
9
9
0
0
0
0
0
0
0
0
0
0
0.5
0.5
0.5
0.5
0.5
0.5
0.5
0.5
0.5
0.5
0
0
0
0
0
0
0
0
0
0
1
1
1
1
1
1
1
1
1
1
1
1
1
1
1
1
1
1
1
1
0
0
0
0
0
0
0
0
0
0
0
0
0
0
0
0
0
0
0
0
0
0
0
0
0
0
0
0
0
0
0
0
0
0
0
0
0
0
0
0
0
0
0
0
0
0
0
0
0
0
1
1
1
1
1
1
1
1
1
1
1
1
1
1
1
1
1
1
1
1
0
0
0
0
0
0
0
0
0
0
22.31730855
11.65211497
20.48292586
9.180847155
23.06032547
13.77993268
11.28075301
17.76925648
18.77845121
16.00105119
0.734859369
0.456436561
0.26327238
0.955590716
0.502070649
0.648621251
0.688187
0.552886341
0.59567
0.618898136
0
0
0
0
0
0
0
0
0
0
113.5946212
29.05066434
43.2563036
84.5
73.8
41.22438991
99.99
56.29613167
114.1
44.70963156
0.197508768
0.45225377
0.205956533
0.34
0.376
0.403649534
0.1
0.291557309
0.14405
0.477577158
3
3
3
1
1
3
3
3
3
3
1
0.004
0.004
0.004
0.004
0.004
0.004
0.004
0.004
0.004
0.004
0.11
0.11
0.11
0.11
0.11
0.11
0.11
0.11
0.11
0.11
1
0
0
1
0
0
1
0
1
0
1
0
0
1
1
1
1
0
1
0
1
0
0
1
1
1
1
0
1
0
0
0
0
1
0
0
0
0
0
0
1
0
0
1
1
1
1
0
1
0
1
0
0
1
1
1
1
0
1
0
0
0
0
1
0
0
1
0
0
0
0
0
0
0
0
0
1
0
0
0
0
0
0
0
0
0
0
0
0
0
1
0
0
1
0
0
1
0
0
0
0.5
0.5
0.5
0.5
0.5
0.5
0.5
0.5
0.5
0.5
2
2
2
2
2
2
2
2
2
2
40492.1504465078
505.36938141088
528.887106715519
1371.90070992549
38085.3933953885
6022.7619315119
49621.132793312
5141.41161960716
39169.6461461017
2560.63451957253
10
1
2
3
4
5
6
7
8
9
10
1
2
2
1
1
1
1
1
1
1
3
1
1e-05
1e-05
0.999
0.999
0.05
0.05
0.1
0.4
5
0.1
0.2
0.3
0.4
1e+06
0.05
0.05
0.05
0.05
0.05
0
0
0
0
0
0
0
0
0
0
0
0
60
1
1
1
1
1
1
1
1
1
1
1
0
0
0
0
0
0
0
0
0
0
0
0
0
0
0
0
0
0
0
0
0
0
0
0
0
0
0
0
0
0
0
0
0
0
0
0
0
0
0
0
0
0
0
0
0
0
0
0
0
0
0
0
0
0
0
0
0
0
0
0
0
0
0
0
0
0
0
0
0
0
0
0
0
0
0
0
0
0
0
0
0
0
0
0
0
0
0
0
0
0
0
0
0
0
0
0
0
0
0
0
1
1
1
1
1
1
1
1
1
1
1
1
1
1
1
1
1
1
1
1
1
1
1
1
1
1
1
1
1
1
1
1
1
1
1
1
1
1
1
1
1
1
1
1
1
1
1
1
1
1
1
1
1
1
1
1
1
1
1
1
1
1
1
1
1
1
1
1
1
1
1
1
1
1
1
1
1
1
1
1
1
1
1
1
1
1
1
1
1
1
1
1
1
1
1
1
1
1
1
1
1
1
1
1
1
1
1
0
1
1
5
0.2
1
0
0
1
1
1
1
1
1
1
0
1
1
0
0
0
0
0
0
0
0
0
0
0
1
1
1
1
1
1
1
1
1
1
0
0
0
0
0
0
0
0
0
0
43
1
43
1
54321
